0.0000 0.000000 -0.000000 0.000000 0.000000 0.000000 0.000000 1.000000
0.1039 0.091512 0.003149 0.001896 -0.000245 0.000155 0.003191 0.999995
0.2079 0.185652 0.006922 0.004004 -0.000516 0.000099 0.006704 0.999977
0.3117 0.283291 0.012645 0.006076 -0.000671 -0.000213 0.010467 0.999945
0.4156 0.386980 0.021464 0.005241 -0.000986 -0.000917 0.015044 0.999886
0.5195 0.500656 0.032606 0.004975 -0.001093 -0.001799 0.020703 0.999783
0.6234 0.627411 0.046242 0.005141 -0.001058 -0.002271 0.027463 0.999620
0.7271 0.766512 0.064613 0.005761 -0.001097 -0.002274 0.035512 0.999366
0.8309 0.918981 0.085671 0.006761 -0.000481 -0.002268 0.044831 0.998992
0.9346 1.082060 0.112529 0.007993 0.000194 -0.002263 0.054847 0.998492
1.0384 1.252024 0.146394 0.011632 0.000235 -0.002368 0.065962 0.997819
1.1421 1.426863 0.190761 0.017416 -0.001514 -0.003123 0.078120 0.996938
1.2459 1.606077 0.244738 0.024919 -0.003805 -0.004225 0.090951 0.995839
1.3496 1.791636 0.305519 0.032434 -0.005662 -0.004800 0.104542 0.994493
1.4533 1.983739 0.372040 0.035696 -0.006138 -0.005103 0.119532 0.992798
1.5570 2.179437 0.449101 0.038063 -0.007124 -0.005019 0.135303 0.990766
1.6608 2.377466 0.537577 0.041284 -0.008322 -0.004737 0.151742 0.988374
1.7644 2.577259 0.632563 0.043596 -0.009348 -0.004488 0.169273 0.985515
1.8680 2.772956 0.737558 0.045846 -0.010799 -0.004738 0.186808 0.982326
1.9717 2.968519 0.857214 0.042661 -0.012523 -0.004938 0.204509 0.978772
2.0755 3.164359 0.981778 0.038220 -0.013054 -0.004937 0.223262 0.974658
2.1791 3.360376 1.109758 0.033735 -0.011258 -0.005144 0.243071 0.969930
2.2829 3.556242 1.247741 0.032679 -0.008740 -0.004912 0.264009 0.964468
2.3865 3.746428 1.407781 0.035766 -0.009230 -0.003769 0.286429 0.958050
2.4901 3.928799 1.592724 0.040943 -0.012606 -0.002707 0.310426 0.950510
2.5936 4.106515 1.787922 0.043633 -0.014375 -0.002609 0.335270 0.942009
2.6973 4.282987 1.993586 0.045708 -0.014669 -0.002689 0.360893 0.932488
2.8009 4.461085 2.208331 0.045384 -0.012153 -0.001402 0.387194 0.921917
2.9046 4.631937 2.443480 0.044987 -0.009961 -0.000362 0.413720 0.910350
3.0082 4.791771 2.698065 0.045400 -0.009264 0.000970 0.439696 0.898098
3.1120 4.942428 2.973652 0.044655 -0.009082 0.002516 0.466025 0.884721
3.2158 5.080925 3.265769 0.042431 -0.008889 0.003543 0.492508 0.870255
3.3194 5.205180 3.575727 0.039306 -0.009327 0.004556 0.518457 0.855041
3.4231 5.316971 3.907756 0.033806 -0.009796 0.005828 0.543917 0.839061
3.5269 5.413082 4.257823 0.028852 -0.010498 0.006580 0.568753 0.822415
3.6306 5.497532 4.628713 0.026276 -0.010927 0.008660 0.592457 0.805481
3.7344 5.571440 5.012251 0.024789 -0.010581 0.010933 0.614750 0.788575
3.8383 5.626495 5.410519 0.021004 -0.009923 0.011913 0.635214 0.772181
3.9421 5.658726 5.828505 0.014111 -0.011035 0.011273 0.653704 0.756586
4.0463 5.676051 6.263469 0.003776 -0.012058 0.010300 0.669944 0.742242
4.1503 5.681746 6.712160 -0.008664 -0.012200 0.009117 0.684077 0.729251
4.2544 5.676706 7.175462 -0.019512 -0.011187 0.008334 0.696672 0.717254
4.3585 5.662520 7.651768 -0.027123 -0.010133 0.007554 0.707997 0.706103
4.4626 5.632278 8.145575 -0.035200 -0.009855 0.006634 0.717445 0.696513
4.5669 5.592800 8.653642 -0.045776 -0.009275 0.005579 0.724826 0.688847
4.6712 5.547699 9.180801 -0.058034 -0.008719 0.005182 0.730473 0.682866
4.7755 5.495725 9.723362 -0.066708 -0.008530 0.005684 0.735005 0.677985
4.8800 5.436825 10.279500 -0.070543 -0.009581 0.005860 0.738333 0.674343
4.9843 5.370136 10.852871 -0.073223 -0.011008 0.005628 0.740614 0.671817
5.0885 5.305014 11.439289 -0.081988 -0.011369 0.005893 0.742144 0.670119
5.1929 5.240465 12.043625 -0.094528 -0.010548 0.006801 0.742725 0.669479
5.2972 5.172996 12.663464 -0.105241 -0.010475 0.008213 0.742499 0.669715
5.4015 5.101809 13.299057 -0.111006 -0.011768 0.008924 0.741985 0.670254
5.5057 5.027930 13.950027 -0.118989 -0.012805 0.008229 0.741343 0.670954
5.6100 4.952731 14.611000 -0.131548 -0.012369 0.006692 0.740797 0.671582
5.7143 4.880114 15.290766 -0.146947 -0.012420 0.006488 0.740381 0.672042
5.8184 4.807982 15.987693 -0.163211 -0.013094 0.007427 0.739846 0.672608
5.9225 4.733536 16.701237 -0.176709 -0.014704 0.008276 0.739194 0.673281
6.0268 4.659557 17.429407 -0.189042 -0.016285 0.008969 0.738548 0.673944
6.1309 4.586354 18.167377 -0.207991 -0.016277 0.008178 0.737937 0.674623
6.2350 4.511977 18.919019 -0.230062 -0.016010 0.006436 0.737312 0.675332
6.3390 4.438077 19.682466 -0.249974 -0.016156 0.005671 0.736777 0.675919
6.4431 4.370967 20.466949 -0.269171 -0.016046 0.007368 0.736207 0.676526
6.5473 4.303443 21.258038 -0.286052 -0.015975 0.008924 0.735802 0.676949
6.6513 4.233121 22.057450 -0.303374 -0.016548 0.009979 0.735328 0.677436
6.7554 4.162326 22.856557 -0.320010 -0.015036 0.008565 0.735120 0.677717
6.8594 4.094610 23.660807 -0.334974 -0.011794 0.006513 0.735006 0.677926
6.9634 4.029209 24.479946 -0.351530 -0.008786 0.006128 0.735028 0.677953
7.0674 3.960676 25.308844 -0.363857 -0.008041 0.006492 0.735203 0.677768
7.1713 3.884783 26.151545 -0.371117 -0.011584 0.009035 0.735092 0.677808
7.2753 3.807170 26.997807 -0.382418 -0.014542 0.010942 0.735155 0.677654
7.3793 3.725864 27.843098 -0.397683 -0.017424 0.012237 0.735207 0.677509
7.4833 3.643209 28.687365 -0.413774 -0.018373 0.011883 0.735316 0.677371
7.5873 3.562974 29.526123 -0.432312 -0.017253 0.010655 0.735480 0.677243
7.6911 3.484834 30.362344 -0.452914 -0.015971 0.009609 0.735661 0.677093
7.7951 3.404668 31.203523 -0.472077 -0.016970 0.009473 0.735635 0.677099
7.8990 3.325383 32.041783 -0.486350 -0.018381 0.010021 0.735536 0.677162
8.0030 3.244186 32.881884 -0.502477 -0.018288 0.009338 0.735545 0.677165
8.1070 3.165806 33.711983 -0.520580 -0.016638 0.007347 0.735446 0.677339
8.2110 3.088842 34.544838 -0.536431 -0.015371 0.005373 0.735351 0.677491
8.3150 3.013050 35.380712 -0.547485 -0.015572 0.005541 0.735198 0.677651
8.4189 2.939462 36.217504 -0.554356 -0.016275 0.006825 0.734922 0.677922
8.5229 2.865302 37.057687 -0.565561 -0.017756 0.008529 0.734730 0.678074
8.6269 2.791070 37.898671 -0.580708 -0.019497 0.010664 0.734471 0.678276
8.7308 2.717036 38.732949 -0.596977 -0.020994 0.011955 0.734483 0.678197
8.8348 2.644491 39.564890 -0.616136 -0.020654 0.011866 0.734398 0.678301
8.9388 2.571150 40.394115 -0.639006 -0.019308 0.010721 0.734374 0.678385
9.0428 2.496513 41.219878 -0.657938 -0.017841 0.008896 0.734282 0.678552
9.1466 2.417153 42.045892 -0.675346 -0.018264 0.006607 0.734152 0.678707
9.2507 2.338350 42.871409 -0.692891 -0.018663 0.004741 0.734313 0.678538
9.3545 2.266360 43.694563 -0.704819 -0.017629 0.004667 0.734556 0.678303
9.4585 2.198544 44.517484 -0.717298 -0.015018 0.004813 0.735033 0.677848
9.5625 2.129058 45.339229 -0.730458 -0.012689 0.005532 0.735310 0.677589
9.6664 2.055476 46.161181 -0.739505 -0.013578 0.006934 0.735848 0.676975
9.7704 1.981207 46.985386 -0.747139 -0.015411 0.009827 0.736408 0.676290
9.8742 1.907548 47.801172 -0.756983 -0.016159 0.011893 0.736991 0.675605
9.9781 1.832302 48.610409 -0.769272 -0.015387 0.011832 0.737591 0.674968
10.0821 1.747075 49.411957 -0.780808 -0.015606 0.009404 0.737938 0.674623
10.1860 1.660236 50.208026 -0.793502 -0.015592 0.006589 0.738376 0.674177
10.2900 1.570577 51.003487 -0.807445 -0.016569 0.004536 0.738742 0.673769
10.3939 1.483540 51.797080 -0.816096 -0.017899 0.004205 0.739045 0.673405
10.4978 1.401333 52.589824 -0.825230 -0.018341 0.004903 0.739355 0.673048
10.6017 1.316618 53.375290 -0.835363 -0.018839 0.004133 0.739657 0.672708
10.7056 1.232725 54.156759 -0.842775 -0.019176 0.003708 0.739845 0.672493
10.8096 1.153215 54.935401 -0.852766 -0.019247 0.004741 0.740023 0.672289
10.9135 1.073973 55.710148 -0.861319 -0.019772 0.006028 0.740114 0.672164
11.0175 0.990282 56.482629 -0.872030 -0.021640 0.007318 0.740063 0.672150
11.1214 0.908911 57.246169 -0.884731 -0.022552 0.008167 0.740196 0.671963
11.2254 0.830371 58.001430 -0.899594 -0.022341 0.008264 0.740445 0.671694
11.3293 0.752271 58.747952 -0.912853 -0.021432 0.007894 0.740621 0.671534
11.4333 0.673162 59.479913 -0.924206 -0.020021 0.006794 0.740688 0.671516
11.5372 0.594446 60.205325 -0.934371 -0.019110 0.005832 0.740700 0.671539
11.6411 0.518609 60.913460 -0.942642 -0.018357 0.004815 0.740299 0.672010
11.7451 0.444600 61.607681 -0.948450 -0.018804 0.003842 0.739514 0.672867
11.8491 0.376406 62.287113 -0.952184 -0.019547 0.003882 0.738205 0.674282
11.9533 0.316961 62.951971 -0.956507 -0.019596 0.004579 0.736214 0.676449
12.0573 0.263537 63.601572 -0.960104 -0.019872 0.005462 0.733793 0.679061
12.1614 0.214002 64.236222 -0.964146 -0.020672 0.005611 0.730832 0.682221
12.2655 0.171240 64.855361 -0.969552 -0.021991 0.005444 0.726701 0.686581
12.3696 0.138740 65.456603 -0.977144 -0.023517 0.004963 0.721667 0.691823
12.4739 0.121169 66.040809 -0.985269 -0.024386 0.004878 0.715232 0.698445
12.5781 0.118955 66.602336 -0.992308 -0.024835 0.004777 0.707562 0.706198
12.6824 0.136328 67.142506 -0.997871 -0.024727 0.005174 0.698532 0.715133
12.7868 0.174754 67.657087 -1.003011 -0.023627 0.005618 0.688197 0.725118
12.8911 0.231189 68.150138 -1.006040 -0.022949 0.006138 0.675866 0.736642
12.9955 0.303992 68.624225 -1.009790 -0.022396 0.006556 0.661908 0.749222
13.0999 0.393792 69.076705 -1.012109 -0.021863 0.006651 0.646555 0.762525
13.2044 0.506868 69.525437 -1.014673 -0.021468 0.007576 0.629001 0.777071
13.3088 0.642011 69.952457 -1.015763 -0.019961 0.008464 0.609778 0.792276
13.4133 0.808520 70.369659 -1.016706 -0.015802 0.009954 0.589161 0.807800
13.5176 0.994449 70.763726 -1.020310 -0.012220 0.010520 0.567263 0.823379
13.6221 1.202851 71.155108 -1.028230 -0.008803 0.011168 0.544000 0.838965
13.7265 1.423765 71.527889 -1.036851 -0.008347 0.011245 0.520042 0.854026
13.8308 1.665395 71.895212 -1.042722 -0.007524 0.011723 0.496481 0.867936
13.9351 1.932056 72.243156 -1.046635 -0.004318 0.014048 0.473263 0.880798
14.0394 2.221256 72.558452 -1.049751 0.000791 0.017451 0.449630 0.893044
14.1436 2.512062 72.869329 -1.051408 0.002807 0.016585 0.425358 0.904869
14.2479 2.808129 73.160118 -1.054055 0.003050 0.012876 0.400380 0.916254
14.3521 3.125570 73.449411 -1.062761 0.004166 0.006847 0.374223 0.927304
14.4564 3.466911 73.720323 -1.069353 0.003973 0.001630 0.346850 0.937911
14.5606 3.841895 73.991154 -1.070360 0.003846 -0.000151 0.318788 0.947818
14.6649 4.246825 74.246000 -1.071267 0.004491 -0.001226 0.290619 0.956827
14.7690 4.672202 74.479211 -1.069605 0.003591 -0.003072 0.262561 0.964904
14.8732 5.129493 74.709267 -1.061424 0.002761 -0.002376 0.235952 0.971758
14.9771 5.608075 74.920721 -1.055484 -0.000117 -0.002528 0.211674 0.977337
15.0812 6.108543 75.126096 -1.055023 -0.002557 -0.003967 0.189327 0.981903
15.1850 6.636684 75.316882 -1.050431 -0.004730 -0.003869 0.169907 0.985441
15.2888 7.186538 75.490646 -1.040756 -0.005269 -0.002677 0.153837 0.988079
15.3925 7.758233 75.655504 -1.031917 -0.004551 -0.001823 0.141119 0.989980
15.4962 8.348798 75.811896 -1.026822 -0.004313 -0.000728 0.130041 0.991499
15.5999 8.958494 75.966311 -1.019201 -0.005519 0.000619 0.120562 0.992690
15.7036 9.582127 76.117780 -1.012684 -0.007483 0.000847 0.112610 0.993611
15.8073 10.223340 76.263044 -1.005809 -0.009712 0.001691 0.105607 0.994359
15.9110 10.881413 76.392984 -1.002941 -0.008876 0.001662 0.098856 0.995061
16.0148 11.556287 76.516242 -1.001207 -0.008844 0.001579 0.091877 0.995730
16.1185 12.247475 76.635133 -0.999773 -0.009011 0.001854 0.084454 0.996385
16.2224 12.955931 76.745722 -0.995736 -0.009632 0.002076 0.077164 0.996970
16.3261 13.672952 76.848939 -0.987758 -0.009738 0.000876 0.070668 0.997452
16.4299 14.404493 76.946013 -0.979980 -0.010542 -0.001334 0.064943 0.997832
16.5338 15.145485 77.034282 -0.975492 -0.009356 -0.004739 0.060017 0.998142
16.6375 15.903579 77.118612 -0.969157 -0.009090 -0.005323 0.055861 0.998383
16.7413 16.675014 77.204313 -0.955308 -0.009848 -0.002101 0.052406 0.998575
16.8451 17.449941 77.291957 -0.938559 -0.011968 0.001946 0.049794 0.998686
16.9489 18.223669 77.372153 -0.926976 -0.012454 0.004571 0.047626 0.998777
17.0526 18.989454 77.443746 -0.919974 -0.011483 0.003638 0.045895 0.998874
17.1564 19.756338 77.515459 -0.912852 -0.011625 0.003151 0.044247 0.998948
17.2603 20.526945 77.583029 -0.906111 -0.010809 0.004136 0.042798 0.999017
17.3640 21.297228 77.646521 -0.898768 -0.009821 0.005645 0.041564 0.999072
17.4679 22.068360 77.705077 -0.889191 -0.008606 0.006760 0.039999 0.999140
17.5717 22.831068 77.760004 -0.878949 -0.008284 0.005363 0.038601 0.999206
17.6755 23.590638 77.820835 -0.874469 -0.009654 0.001460 0.037590 0.999246
17.7794 24.349473 77.884181 -0.864302 -0.010019 -0.002396 0.036767 0.999271
17.8831 25.105384 77.945340 -0.853280 -0.010382 -0.004832 0.036155 0.999281
17.9870 25.872229 78.008053 -0.838009 -0.011279 -0.003896 0.035183 0.999310
18.0909 26.630797 78.077042 -0.815422 -0.012707 -0.002093 0.034013 0.999338
18.1948 27.389320 78.143612 -0.793854 -0.014557 0.000602 0.032913 0.999352
18.2985 28.141855 78.200614 -0.779294 -0.013526 0.001518 0.031779 0.999402
18.4024 28.890204 78.250629 -0.764329 -0.011972 0.001419 0.031222 0.999440
18.5063 29.642045 78.301062 -0.748735 -0.011013 0.001733 0.030801 0.999463
18.6101 30.394517 78.352542 -0.735838 -0.011047 0.000933 0.030181 0.999483
18.7139 31.149685 78.400498 -0.721174 -0.009996 -0.000098 0.029885 0.999503
18.8178 31.912264 78.450191 -0.705185 -0.009201 0.000209 0.029556 0.999521
18.9216 32.678582 78.508750 -0.691505 -0.010716 0.000432 0.029120 0.999518
19.0255 33.448304 78.565415 -0.677704 -0.010667 -0.000044 0.029109 0.999519
19.1294 34.223897 78.623333 -0.659410 -0.010734 -0.000068 0.029987 0.999493
19.2333 35.008310 78.678419 -0.646126 -0.009488 0.000253 0.031041 0.999473
19.3370 35.793943 78.740428 -0.631297 -0.009990 -0.000049 0.032580 0.999419
19.4409 36.589495 78.809651 -0.614169 -0.011938 0.000041 0.034088 0.999348
19.5448 37.382834 78.879113 -0.599837 -0.012752 -0.002068 0.035381 0.999290
19.6485 38.179794 78.948038 -0.586350 -0.012751 -0.004549 0.036693 0.999235
19.7524 38.990125 79.015306 -0.576965 -0.012178 -0.004997 0.037649 0.999204
19.8563 39.808324 79.086332 -0.560457 -0.012660 -0.004415 0.038736 0.999160
19.9601 40.638158 79.158708 -0.543390 -0.012302 -0.003717 0.039822 0.999124
20.0640 41.473808 79.227759 -0.532639 -0.011337 -0.003122 0.040792 0.999098
20.1679 42.317282 79.302390 -0.520170 -0.011067 -0.001245 0.041335 0.999083
20.2719 43.167620 79.379421 -0.503739 -0.010791 0.001097 0.041792 0.999067
20.3758 44.021537 79.456546 -0.489643 -0.010745 0.002495 0.041565 0.999075
20.4797 44.880626 79.538939 -0.478417 -0.012519 0.002360 0.040507 0.999098
20.5836 45.740563 79.617549 -0.469034 -0.012556 0.001766 0.039581 0.999136
20.6875 46.603674 79.690242 -0.457698 -0.011423 0.000676 0.038799 0.999182
20.7915 47.471813 79.756901 -0.444796 -0.009392 -0.000170 0.038014 0.999233
20.8954 48.341750 79.826886 -0.433338 -0.008674 -0.000178 0.037057 0.999275
20.9993 49.218356 79.898442 -0.416325 -0.007799 0.001026 0.036510 0.999302
21.1033 50.095513 79.964751 -0.401326 -0.006202 0.002466 0.036191 0.999323
21.2071 50.968243 80.034597 -0.388466 -0.005677 0.002663 0.035757 0.999341
21.3111 51.834749 80.108423 -0.376665 -0.006565 0.001383 0.035233 0.999357
21.4150 52.691971 80.183765 -0.363986 -0.007959 -0.001584 0.034885 0.999358
21.5190 53.549808 80.257057 -0.346949 -0.008877 -0.004267 0.034373 0.999361
21.6229 54.400976 80.332845 -0.323294 -0.011242 -0.007623 0.034012 0.999329
21.7269 55.253933 80.402185 -0.298143 -0.011579 -0.008053 0.033490 0.999340
21.8308 56.105479 80.468128 -0.274252 -0.009755 -0.005506 0.033405 0.999379
21.9346 56.962137 80.536863 -0.247868 -0.009457 -0.000081 0.033629 0.999390
22.0387 57.813262 80.609455 -0.223028 -0.010026 0.004384 0.034208 0.999355
22.1426 58.647986 80.672542 -0.208929 -0.008037 0.002527 0.035524 0.999333
22.2465 59.476955 80.734995 -0.195906 -0.005026 0.000983 0.036654 0.999315
22.3504 60.306107 80.804245 -0.178904 -0.004819 0.000587 0.037980 0.999267
22.4544 61.128912 80.880244 -0.159938 -0.005530 -0.000805 0.039244 0.999214
22.5584 61.946210 80.960665 -0.140859 -0.006509 -0.002464 0.040994 0.999135
22.6623 62.759778 81.036237 -0.121339 -0.006844 -0.004316 0.043018 0.999042
22.7661 63.567461 81.116063 -0.096444 -0.007501 -0.006567 0.044632 0.998954
22.8702 64.375808 81.203212 -0.068778 -0.010242 -0.006326 0.046131 0.998863
22.9740 65.183143 81.289483 -0.044905 -0.011641 -0.005756 0.047912 0.998767
23.0780 65.989545 81.379630 -0.018001 -0.013261 -0.003200 0.049877 0.998662
23.1820 66.793778 81.472983 0.003843 -0.013635 0.000245 0.051846 0.998562
23.2859 67.590057 81.566236 0.021343 -0.013232 0.001877 0.054311 0.998435
23.3898 68.378454 81.665328 0.035527 -0.012986 0.002129 0.057570 0.998255
23.4938 69.169030 81.766374 0.047824 -0.011611 0.003984 0.060612 0.998086
23.5976 69.949285 81.874509 0.059356 -0.011689 0.003989 0.063855 0.997883
23.7015 70.720187 81.998934 0.070489 -0.014057 0.003545 0.066824 0.997659
23.8055 71.486772 82.123981 0.079583 -0.015078 0.001582 0.069660 0.997456
23.9094 72.248470 82.246968 0.089319 -0.014710 0.000079 0.072738 0.997243
24.0134 73.010561 82.378136 0.101507 -0.015660 -0.000303 0.075416 0.997029
24.1173 73.768678 82.520293 0.115494 -0.016396 0.001462 0.077728 0.996839
24.2213 74.526252 82.661194 0.129320 -0.016723 0.003802 0.080745 0.996587
24.3251 75.276555 82.804756 0.147000 -0.016470 0.005150 0.083956 0.996320
24.4291 76.018421 82.947585 0.155613 -0.015506 0.003589 0.087441 0.996043
24.5330 76.754182 83.096764 0.162076 -0.014333 -0.000286 0.091675 0.995686
24.6369 77.491118 83.250192 0.175767 -0.013129 -0.001451 0.096256 0.995269
24.7408 78.229464 83.416603 0.196593 -0.013376 0.000477 0.101654 0.994730
24.8446 78.965713 83.588779 0.207715 -0.012597 0.002808 0.107405 0.994132
24.9485 79.702724 83.773142 0.221660 -0.013291 0.006821 0.113378 0.993440
25.0524 80.432263 83.957821 0.230558 -0.013533 0.009222 0.119058 0.992752
25.1563 81.146453 84.149861 0.236882 -0.015357 0.006700 0.124924 0.992025
25.2601 81.850260 84.349148 0.240010 -0.015238 0.001557 0.131086 0.991253
25.3640 82.559227 84.550819 0.238428 -0.014562 -0.000841 0.137421 0.990405
25.4679 83.281207 84.760033 0.239482 -0.013285 0.001201 0.143766 0.989522
25.5718 84.003101 84.988423 0.248756 -0.013722 0.005357 0.149685 0.988624
25.6756 84.721883 85.224420 0.254565 -0.013935 0.008204 0.155736 0.987666
25.7795 85.430205 85.462409 0.254645 -0.012020 0.007525 0.162302 0.986639
25.8834 86.133168 85.710511 0.254450 -0.011302 0.005051 0.168339 0.985651
25.9874 86.833465 85.968644 0.258440 -0.010276 0.002435 0.173079 0.984851
26.0913 87.533132 86.228482 0.262669 -0.008460 -0.000917 0.177130 0.984151
26.1953 88.234733 86.500523 0.269718 -0.008419 -0.001934 0.181034 0.983439
26.2993 88.933849 86.787229 0.282736 -0.011122 -0.002530 0.185050 0.982663
26.4031 89.627393 87.078339 0.284461 -0.011559 -0.001229 0.189195 0.981871
26.5070 90.329353 87.371956 0.278511 -0.011024 0.001675 0.193422 0.981052
26.6110 91.032606 87.673040 0.276450 -0.010590 0.005561 0.197101 0.980310
26.7149 91.728076 87.994331 0.279606 -0.015245 0.008724 0.200243 0.979589
26.8189 92.411132 88.324091 0.270717 -0.019647 0.007169 0.203173 0.978919
26.9229 93.092509 88.642054 0.258657 -0.018648 0.002792 0.206254 0.978317
27.0269 93.779449 88.954391 0.248517 -0.015192 -0.000419 0.209007 0.977796
27.1309 94.470001 89.279096 0.247606 -0.015382 -0.001322 0.211104 0.977342
27.2348 95.166369 89.618614 0.251299 -0.018341 0.000866 0.213383 0.976796
27.3386 95.864738 89.953877 0.258297 -0.019363 0.002991 0.216181 0.976157
27.4427 96.561069 90.288316 0.261812 -0.017706 0.003056 0.219068 0.975544
27.5465 97.245160 90.628367 0.263865 -0.017298 -0.000284 0.221545 0.974997
27.6505 97.927957 90.973000 0.262732 -0.016520 -0.003948 0.224110 0.974416
27.7544 98.610898 91.324487 0.268762 -0.016981 -0.005072 0.226712 0.973801
27.8584 99.299227 91.684438 0.279504 -0.018443 -0.002909 0.228831 0.973287
27.9623 99.982816 92.043959 0.289411 -0.018949 -0.001965 0.231089 0.972746
28.0662 100.663709 92.400265 0.297132 -0.019394 -0.001648 0.233575 0.972144
28.1700 101.338668 92.759578 0.304277 -0.018730 -0.001645 0.236020 0.971566
28.2740 102.010057 93.119492 0.310963 -0.017676 -0.001929 0.238311 0.971026
28.3779 102.677095 93.484612 0.317465 -0.017477 -0.001455 0.240601 0.970466
28.4819 103.339181 93.856382 0.323805 -0.017952 -0.001525 0.242861 0.969894
28.5858 103.995956 94.226906 0.329624 -0.018487 -0.001253 0.245213 0.969292
28.6897 104.642659 94.594287 0.337532 -0.017379 -0.003171 0.247708 0.968674
28.7937 105.283514 94.964133 0.346286 -0.016266 -0.005143 0.250081 0.968075
28.8975 105.918359 95.333262 0.353487 -0.015670 -0.006640 0.252233 0.967517
29.0015 106.557158 95.711830 0.360088 -0.016087 -0.005040 0.254164 0.967014
29.1054 107.191169 96.088471 0.370029 -0.017193 -0.000791 0.255891 0.966552
29.2094 107.819410 96.460542 0.379395 -0.017144 0.004201 0.257364 0.966153
29.3133 108.432692 96.822652 0.383983 -0.016261 0.007271 0.258880 0.965745
29.4173 109.031468 97.176437 0.381981 -0.014381 0.007547 0.260496 0.965338
29.5211 109.609141 97.526047 0.381034 -0.013840 0.005741 0.262213 0.964894
29.6250 110.172486 97.871525 0.379973 -0.013232 0.004478 0.263783 0.964481
29.7290 110.722463 98.211857 0.378132 -0.012606 0.004084 0.265240 0.964091
29.8329 111.257734 98.538207 0.377912 -0.011554 0.003960 0.266497 0.963758
29.9368 111.776806 98.858608 0.381302 -0.011709 0.004589 0.267709 0.963418
30.0408 112.277079 99.169994 0.384366 -0.011531 0.005555 0.268837 0.963101
30.1446 112.755951 99.465725 0.384183 -0.010715 0.006032 0.270091 0.962756
30.2485 113.214608 99.749420 0.384809 -0.009564 0.006407 0.271342 0.962414
30.3524 113.649634 100.023748 0.385241 -0.009112 0.006135 0.272387 0.962125
30.4563 114.062845 100.293438 0.391378 -0.009794 0.004342 0.273472 0.961820
30.5603 114.457677 100.549808 0.396911 -0.009145 0.002301 0.274859 0.961438
30.6640 114.837061 100.794453 0.397939 -0.007420 0.001662 0.276874 0.960876
30.7679 115.203159 101.032325 0.397209 -0.005060 0.002513 0.279222 0.960210
30.8718 115.546466 101.266948 0.399047 -0.005169 0.003114 0.282154 0.959350
30.9757 115.870009 101.499657 0.402945 -0.006990 0.003689 0.285312 0.958402
31.0795 116.175843 101.725663 0.408277 -0.009631 0.004934 0.288373 0.957457
31.1833 116.467703 101.941524 0.411899 -0.011729 0.008003 0.291555 0.956449
31.2871 116.742564 102.141804 0.413637 -0.012150 0.010160 0.295377 0.955249
31.3909 116.999515 102.327747 0.413388 -0.010481 0.011344 0.299798 0.953878
31.4947 117.242418 102.507084 0.413990 -0.008857 0.012268 0.305282 0.952142
31.5984 117.466890 102.682071 0.414566 -0.007752 0.013272 0.312029 0.949948
31.7021 117.672532 102.857009 0.416145 -0.007828 0.013786 0.319841 0.947339
31.8058 117.857960 103.029490 0.417001 -0.008794 0.013360 0.328793 0.944267
31.9095 118.033944 103.195699 0.421292 -0.008602 0.012453 0.338923 0.940692
32.0132 118.193603 103.356837 0.423177 -0.008173 0.009838 0.349400 0.936886
32.1169 118.340565 103.511753 0.422290 -0.007105 0.007432 0.359744 0.932995
32.2206 118.478207 103.673822 0.419115 -0.008028 0.004684 0.369960 0.929001
32.3244 118.607596 103.846289 0.415250 -0.011013 0.002268 0.380056 0.924895
32.4282 118.736178 104.015125 0.414226 -0.012726 0.001503 0.390776 0.920397
32.5318 118.871899 104.186560 0.409354 -0.011502 0.002652 0.402202 0.915475
32.6355 119.003433 104.359883 0.405305 -0.010495 0.003799 0.414106 0.910160
32.7393 119.120292 104.536348 0.401260 -0.010812 0.004916 0.426802 0.904267
32.8429 119.230031 104.724483 0.396488 -0.013234 0.005442 0.440143 0.897814
32.9466 119.332308 104.909822 0.393108 -0.015033 0.006459 0.453436 0.891139
33.0504 119.433960 105.099896 0.391642 -0.016483 0.007103 0.466897 0.884130
33.1540 119.525286 105.294485 0.389964 -0.018304 0.007130 0.480167 0.876957
33.2578 119.603847 105.488145 0.388620 -0.020993 0.007195 0.493368 0.869537
33.3616 119.682408 105.688619 0.388219 -0.022914 0.007647 0.506884 0.861676
33.4653 119.762229 105.891302 0.389315 -0.022744 0.007902 0.520977 0.853231
33.5690 119.831287 106.100675 0.388505 -0.022000 0.006755 0.535873 0.843985
33.6728 119.903985 106.338945 0.382587 -0.020796 0.005043 0.551432 0.833945
33.7764 119.962967 106.588716 0.375759 -0.020126 0.004273 0.568390 0.822502
33.8800 120.027691 106.868327 0.367306 -0.019828 0.004238 0.585990 0.810065
33.9836 120.085514 107.163963 0.360136 -0.019347 0.003943 0.603964 0.796767
34.0874 120.119916 107.464909 0.349538 -0.018217 0.003436 0.622841 0.782129
34.1910 120.153272 107.794854 0.338823 -0.017492 0.003192 0.642032 0.766472
34.2948 120.170448 108.142695 0.328149 -0.017415 0.003422 0.661043 0.750138
34.3984 120.157980 108.483845 0.320400 -0.017744 0.004351 0.680128 0.732866
34.5021 120.147698 108.856262 0.314495 -0.017652 0.006490 0.699340 0.714541
34.6059 120.103173 109.220363 0.309991 -0.017266 0.008674 0.718189 0.695580
34.7097 120.052470 109.612946 0.303539 -0.016678 0.010695 0.736562 0.676080
34.8134 119.979029 110.014707 0.296423 -0.016324 0.012383 0.754265 0.656250
34.9171 119.869747 110.406281 0.289862 -0.016267 0.013624 0.771130 0.636324
35.0210 119.752126 110.825760 0.279118 -0.015675 0.015051 0.787033 0.616528
35.1248 119.613248 111.254302 0.268167 -0.014407 0.017048 0.802290 0.596517
35.2287 119.433564 111.681972 0.255951 -0.013080 0.018935 0.816786 0.576482
35.3325 119.238358 112.130047 0.242105 -0.011909 0.020816 0.830335 0.556748
35.4364 119.005658 112.572633 0.228248 -0.010983 0.022259 0.842989 0.537359
35.5404 118.753129 113.031918 0.212640 -0.010282 0.023159 0.854555 0.518742
35.6444 118.467814 113.499197 0.194791 -0.010138 0.023472 0.864589 0.501829
35.7486 118.152665 113.964139 0.176735 -0.010142 0.023267 0.872986 0.487084
35.8528 117.816691 114.443667 0.157986 -0.010325 0.022374 0.879667 0.474951
35.9571 117.461892 114.925304 0.144705 -0.010150 0.021328 0.884901 0.465180
36.0613 117.089300 115.422450 0.129626 -0.010575 0.020745 0.888891 0.457527
36.1657 116.702932 115.931396 0.114506 -0.010672 0.021190 0.892081 0.451253
36.2699 116.301174 116.453769 0.098191 -0.010745 0.021776 0.894836 0.445733
36.3742 115.883115 116.985148 0.081618 -0.010914 0.022479 0.897057 0.441209
36.4784 115.448165 117.522326 0.063823 -0.011342 0.022294 0.898837 0.437568
36.5827 115.000720 118.069436 0.044345 -0.011590 0.022100 0.900413 0.434321
36.6869 114.541580 118.627037 0.024733 -0.011646 0.022290 0.901669 0.431695
36.7911 114.069682 119.198188 0.003899 -0.011599 0.022756 0.902595 0.429733
36.8952 113.587641 119.775267 -0.017847 -0.011596 0.023403 0.903264 0.428290
36.9995 113.091113 120.367618 -0.040704 -0.011551 0.023609 0.903570 0.427633
37.1035 112.585739 120.968060 -0.062547 -0.011232 0.023615 0.903788 0.427181
37.2077 112.069594 121.582613 -0.085818 -0.010754 0.023560 0.904018 0.426710
37.3118 111.541934 122.209145 -0.110315 -0.010110 0.023643 0.904195 0.426346
37.4159 111.002132 122.846851 -0.136027 -0.010412 0.023866 0.904418 0.425853
37.5200 110.448286 123.485532 -0.163770 -0.011730 0.023764 0.904673 0.425281
37.6242 109.884560 124.137435 -0.189763 -0.013010 0.023761 0.905006 0.424536
37.7281 109.316956 124.792889 -0.217144 -0.013069 0.023863 0.905316 0.423867
37.8323 108.742303 125.460328 -0.246399 -0.011877 0.023790 0.905613 0.423271
37.9363 108.158690 126.137122 -0.276702 -0.011016 0.023919 0.905856 0.422767
38.0403 107.567261 126.828432 -0.304696 -0.010302 0.024802 0.906121 0.422165
38.1443 106.967015 127.529800 -0.331350 -0.009744 0.025928 0.906344 0.421632
38.2483 106.357820 128.233778 -0.356590 -0.008641 0.025347 0.906697 0.420932
38.3523 105.741508 128.946061 -0.379981 -0.006816 0.024426 0.907025 0.420312
38.4562 105.117792 129.665652 -0.398508 -0.005226 0.022869 0.907295 0.419841
38.5602 104.481539 130.394268 -0.414000 -0.005473 0.021480 0.907282 0.419939
38.6641 103.839496 131.132775 -0.426375 -0.006493 0.021134 0.907253 0.420004
38.7681 103.193520 131.879339 -0.440530 -0.008024 0.021394 0.907258 0.419953
38.8720 102.552377 132.626719 -0.455659 -0.009001 0.022424 0.907258 0.419880
38.9760 101.911958 133.381101 -0.473054 -0.009608 0.023523 0.907273 0.419774
39.0799 101.271246 134.133256 -0.490245 -0.009927 0.024017 0.907295 0.419692
39.1839 100.627921 134.884613 -0.508399 -0.010017 0.024316 0.907292 0.419677
39.2878 99.982847 135.633574 -0.527566 -0.010420 0.023640 0.907350 0.419580
39.3918 99.338105 136.386431 -0.544984 -0.010930 0.023811 0.907342 0.419577
39.4958 98.690091 137.146015 -0.561094 -0.011691 0.023914 0.907369 0.419491
39.5996 98.045662 137.899629 -0.579463 -0.012139 0.024250 0.907390 0.419414
39.7036 97.398884 138.654141 -0.600025 -0.012081 0.024302 0.907525 0.419121
39.8079 96.748612 139.412400 -0.623777 -0.011389 0.024500 0.907667 0.418821
39.9113 96.106992 140.166025 -0.642122 -0.011027 0.024663 0.907886 0.418345
40.0153 95.459974 140.924822 -0.659186 -0.011029 0.024937 0.908062 0.417948
40.1191 94.813252 141.674971 -0.677481 -0.011064 0.024639 0.908284 0.417481
40.2230 94.165945 142.425707 -0.694944 -0.010902 0.024187 0.908445 0.417161
40.3269 93.519260 143.170796 -0.713761 -0.010594 0.023653 0.908584 0.416897
40.4308 92.871942 143.925178 -0.728635 -0.010675 0.023227 0.908565 0.416961
40.5350 92.219984 144.677244 -0.744143 -0.011647 0.021875 0.908541 0.417060
40.6387 91.572533 145.427118 -0.759381 -0.012039 0.021257 0.908322 0.417558
40.7425 90.928494 146.175271 -0.775105 -0.011592 0.020495 0.908061 0.418176
40.8464 90.286203 146.923653 -0.790081 -0.011156 0.019270 0.907694 0.419042
40.9504 89.645669 147.678491 -0.803649 -0.010844 0.019585 0.907291 0.419906
41.0546 89.003841 148.437153 -0.817861 -0.011612 0.020635 0.906992 0.420482
41.1582 88.366219 149.195800 -0.836510 -0.013367 0.022986 0.906616 0.421118
41.2625 87.725824 149.958943 -0.857728 -0.015861 0.025657 0.906303 0.421550
41.3659 87.090029 150.713179 -0.880502 -0.017013 0.026398 0.906130 0.421832
41.4698 86.456156 151.462631 -0.909588 -0.014732 0.025481 0.906125 0.421985
41.5736 85.822865 152.211526 -0.938137 -0.012540 0.024374 0.906174 0.422016
41.6774 85.186560 152.961721 -0.963604 -0.012282 0.024464 0.906131 0.422110
41.7812 84.547470 153.714678 -0.984380 -0.013927 0.024783 0.906140 0.422021
41.8851 83.913504 154.463680 -1.007180 -0.014673 0.025604 0.906155 0.421915
41.9888 83.283930 155.209444 -1.031232 -0.013601 0.025762 0.906307 0.421614
42.0927 82.652997 155.952001 -1.056489 -0.012652 0.025595 0.906508 0.421223
42.1964 82.020744 156.692884 -1.080734 -0.013225 0.025520 0.906673 0.420853
42.3002 81.387844 157.433624 -1.104785 -0.014980 0.026617 0.906763 0.420532
42.4041 80.757848 158.172093 -1.131521 -0.016632 0.027609 0.906886 0.420142
42.5078 80.129632 158.909736 -1.160318 -0.016408 0.028269 0.907026 0.419804
42.6116 79.505129 159.638095 -1.189392 -0.015568 0.028470 0.907208 0.419429
42.7153 78.881017 160.356428 -1.216511 -0.014542 0.028310 0.907346 0.419178
42.8192 78.255553 161.073739 -1.243135 -0.014412 0.027139 0.907367 0.419215
42.9229 77.630623 161.788563 -1.267088 -0.014757 0.025910 0.907157 0.419734
43.0269 77.008986 162.505248 -1.291657 -0.014793 0.025171 0.907026 0.420062
43.1305 76.389095 163.219560 -1.316069 -0.015232 0.024438 0.906865 0.420437
43.2344 75.771811 163.933302 -1.340184 -0.015656 0.023768 0.906705 0.420803
43.3383 75.158598 164.647135 -1.364751 -0.015758 0.024202 0.906540 0.421130
43.4421 74.549323 165.358919 -1.389365 -0.015269 0.023576 0.906452 0.421374
43.5459 73.940251 166.069451 -1.413999 -0.014896 0.022931 0.906299 0.421751
43.6498 73.335873 166.781874 -1.437696 -0.014681 0.023419 0.906186 0.421975
43.7537 72.735673 167.494755 -1.460447 -0.014663 0.024994 0.905983 0.422321
43.8575 72.136853 168.204030 -1.482363 -0.014857 0.025629 0.905913 0.422427
43.9613 71.544550 168.912794 -1.502904 -0.013602 0.025075 0.905850 0.422638
44.0652 70.961294 169.621220 -1.525272 -0.011513 0.024956 0.905786 0.422843
44.1690 70.379148 170.320049 -1.547949 -0.010354 0.025033 0.905585 0.423299
44.2728 69.806172 171.014457 -1.555373 -0.011512 0.023702 0.905425 0.423687
44.3767 69.238842 171.699599 -1.564106 -0.012303 0.023628 0.905373 0.423781
44.4805 68.680974 172.382340 -1.572279 -0.012319 0.023602 0.905421 0.423679
44.5843 68.131226 173.049586 -1.582634 -0.011950 0.023501 0.905469 0.423593
44.6882 67.589076 173.709794 -1.592966 -0.011768 0.023683 0.905456 0.423615
44.7922 67.053654 174.357240 -1.603544 -0.011823 0.023450 0.905486 0.423563
44.8959 66.525940 174.993997 -1.612619 -0.012173 0.023059 0.905471 0.423607
44.9997 66.003627 175.624083 -1.623803 -0.012191 0.022993 0.905523 0.423498
45.1035 65.489489 176.246023 -1.635949 -0.012419 0.023303 0.905585 0.423342
45.2073 64.980929 176.861773 -1.648331 -0.013326 0.023825 0.905612 0.423227
45.3112 64.477771 177.469182 -1.661185 -0.014230 0.024496 0.905631 0.423120
45.4152 63.977511 178.059681 -1.672366 -0.014830 0.025379 0.905610 0.423091
45.5189 63.481609 178.632948 -1.683189 -0.015084 0.026260 0.905661 0.422920
45.6230 62.992639 179.192745 -1.693457 -0.014998 0.027318 0.905695 0.422782
45.7265 62.517418 179.742989 -1.705876 -0.014754 0.027858 0.905792 0.422547
45.8311 62.038293 180.278941 -1.715780 -0.015028 0.027727 0.905996 0.422109
45.9343 61.581206 180.800663 -1.728433 -0.014652 0.028487 0.906218 0.421595
46.0382 61.127536 181.314705 -1.739710 -0.013673 0.028996 0.906746 0.420458
46.1420 60.684374 181.819614 -1.751048 -0.012563 0.030018 0.907676 0.418409
46.2459 60.243272 182.311653 -1.761733 -0.011639 0.031191 0.909051 0.415352
46.3497 59.807871 182.791001 -1.774253 -0.010894 0.032414 0.911114 0.410734
46.4534 59.372652 183.256881 -1.786921 -0.010617 0.033636 0.913481 0.405349
46.5572 58.935149 183.705347 -1.797359 -0.010353 0.034529 0.916204 0.399088
46.6610 58.499379 184.143984 -1.808205 -0.010077 0.035793 0.919437 0.391474
46.7645 58.066861 184.575540 -1.820804 -0.009180 0.037686 0.923239 0.382264
46.8683 57.628978 184.985718 -1.835082 -0.008365 0.039444 0.927481 0.371689
46.9719 57.183634 185.375025 -1.853074 -0.008411 0.040074 0.932282 0.359408
47.0756 56.733718 185.730303 -1.868965 -0.009239 0.039387 0.937448 0.345768
47.1792 56.279762 186.065181 -1.886261 -0.010352 0.038114 0.942768 0.331101
47.2829 55.821543 186.377930 -1.902345 -0.011387 0.036630 0.948312 0.315014
47.3865 55.355199 186.652331 -1.923906 -0.012200 0.035574 0.954022 0.297368
47.4902 54.891561 186.920627 -1.941842 -0.012949 0.036002 0.959892 0.277746
47.5939 54.426323 187.159077 -1.957359 -0.013667 0.033987 0.965971 0.256042
47.6974 53.954329 187.344796 -1.970772 -0.013771 0.030332 0.971807 0.233411
47.8012 53.483008 187.517139 -1.984794 -0.013706 0.024399 0.977109 0.210888
47.9049 53.011414 187.666310 -1.997995 -0.013226 0.019967 0.981829 0.188251
48.0086 52.535432 187.780094 -2.002513 -0.012014 0.016375 0.986146 0.164634
48.1123 52.063971 187.897246 -2.008385 -0.011001 0.015317 0.989941 0.140217
48.2161 51.583593 187.970658 -2.014469 -0.011066 0.014913 0.993152 0.115347
48.3198 51.106237 188.040494 -2.014204 -0.011713 0.014957 0.995711 0.090544
48.4236 50.627183 188.076874 -2.011726 -0.013577 0.011546 0.997694 0.065495
48.5274 50.141294 188.058393 -2.009923 -0.016423 0.006400 0.999031 0.040324
48.6312 49.669270 188.046668 -2.009916 -0.018502 0.004617 0.999705 0.015025
48.7349 49.206637 188.027268 -2.014956 -0.017979 0.006659 0.999757 -0.010913
48.8388 48.743299 187.963499 -2.018925 -0.017187 0.010885 0.999121 -0.036663
48.9425 48.293585 187.892810 -2.021140 -0.016008 0.012651 0.997859 -0.062133
49.0464 47.846325 187.772202 -2.020771 -0.015390 0.013317 0.995974 -0.087299
49.1503 47.418915 187.645270 -2.024298 -0.014152 0.012878 0.993506 -0.112160
49.2540 47.000570 187.505276 -2.026844 -0.013021 0.013805 0.990371 -0.137133
49.3579 46.579164 187.332163 -2.029586 -0.013095 0.016364 0.986495 -0.162443
49.4618 46.166392 187.153603 -2.027032 -0.012654 0.018104 0.982353 -0.185725
49.5658 45.752124 186.928164 -2.020619 -0.013124 0.015820 0.977982 -0.207676
49.6698 45.342092 186.702909 -2.011519 -0.015102 0.014197 0.973368 -0.228310
49.7738 44.933262 186.468059 -2.005739 -0.017348 0.015090 0.968784 -0.246837
49.8780 44.526179 186.219098 -2.002172 -0.019247 0.016927 0.964401 -0.263199
49.9822 44.130275 185.957453 -1.999825 -0.019677 0.017025 0.960310 -0.277719
50.0864 43.736159 185.676114 -1.999269 -0.020022 0.016249 0.956599 -0.290264
50.1907 43.345005 185.386970 -2.000969 -0.019412 0.015553 0.953429 -0.300591
50.2951 42.951216 185.087934 -2.002531 -0.019036 0.015243 0.950785 -0.308891
50.3993 42.556456 184.779165 -2.002359 -0.018604 0.014697 0.948624 -0.315517
50.5037 42.158549 184.460718 -2.002217 -0.017771 0.013841 0.946903 -0.320731
50.6080 41.756697 184.134675 -2.003968 -0.016405 0.013005 0.945512 -0.324915
50.7124 41.347317 183.803784 -2.007499 -0.015683 0.013699 0.944308 -0.328405
50.8167 40.931006 183.461987 -2.013125 -0.015707 0.014497 0.943346 -0.331122
50.9209 40.508158 183.112329 -2.019683 -0.016046 0.016463 0.942586 -0.333171
51.0253 40.083218 182.746238 -2.023895 -0.015264 0.015336 0.942019 -0.334861
51.1295 39.652910 182.370108 -2.026493 -0.013765 0.013668 0.941626 -0.336101
51.2338 39.205680 181.981138 -2.033752 -0.013190 0.011998 0.941396 -0.336831
51.3380 38.745574 181.593629 -2.040463 -0.013999 0.012916 0.941221 -0.337253
51.4422 38.267394 181.200668 -2.040763 -0.014976 0.015419 0.941182 -0.337215
51.5464 37.780085 180.796835 -2.036430 -0.015034 0.015852 0.941343 -0.336744
51.6505 37.287264 180.378691 -2.034071 -0.012417 0.014395 0.941512 -0.336443
51.7546 36.784856 179.955877 -2.037706 -0.008911 0.015138 0.941624 -0.336208
51.8588 36.266678 179.522988 -2.037733 -0.006415 0.015435 0.941757 -0.335879
51.9628 35.726597 179.079560 -2.032910 -0.006870 0.016736 0.941853 -0.335536
52.0669 35.184848 178.613669 -2.026113 -0.007748 0.015559 0.941910 -0.335415
52.1710 34.635394 178.131372 -2.019534 -0.007884 0.012324 0.941988 -0.335327
52.2750 34.069580 177.642678 -2.009793 -0.007925 0.010185 0.941945 -0.335519
52.3790 33.488715 177.149523 -2.001610 -0.008356 0.009732 0.941866 -0.335744
52.4832 32.888284 176.642392 -1.998524 -0.009836 0.009001 0.941874 -0.335700
52.5872 32.274891 176.125353 -1.996875 -0.011997 0.008719 0.941963 -0.335388
52.6912 31.653131 175.597060 -1.993188 -0.012545 0.007076 0.941931 -0.335496
52.7951 31.025403 175.059666 -1.991718 -0.010965 0.005762 0.941863 -0.335768
52.8992 30.386321 174.521930 -1.997167 -0.009372 0.006914 0.941795 -0.335985
53.0032 29.731023 173.971520 -2.001431 -0.010017 0.008081 0.941608 -0.336466
53.1072 29.067244 173.409687 -2.003281 -0.013132 0.007903 0.941623 -0.336320
53.2112 28.398462 172.841152 -2.008357 -0.014920 0.009112 0.941597 -0.336289
53.3152 27.725481 172.265453 -2.012460 -0.015035 0.009793 0.941493 -0.336555
53.4192 27.043417 171.682202 -2.016961 -0.013899 0.011974 0.941435 -0.336696
53.5232 26.350249 171.099060 -2.019285 -0.012452 0.014671 0.941366 -0.336839
53.6270 25.650535 170.508312 -2.010864 -0.011408 0.015384 0.941411 -0.336719
53.7310 24.942046 169.910990 -2.001788 -0.010782 0.015115 0.941625 -0.336151
53.8351 24.223684 169.308313 -1.992599 -0.011935 0.014177 0.941772 -0.335741
53.9389 23.502164 168.705726 -1.982805 -0.013299 0.013177 0.941893 -0.335392
54.0429 22.777205 168.106582 -1.972485 -0.014844 0.013315 0.942052 -0.334875
54.1468 22.051620 167.517255 -1.962774 -0.016386 0.015451 0.942100 -0.334574
54.2508 21.324911 166.934738 -1.955243 -0.018031 0.018782 0.942156 -0.334163
54.3547 20.599672 166.348138 -1.951791 -0.020143 0.019907 0.942199 -0.333854
54.4587 19.872170 165.755603 -1.954318 -0.023423 0.020469 0.942214 -0.333565
54.5625 19.141901 165.172508 -1.960211 -0.026928 0.020992 0.942162 -0.333414
54.6664 18.423917 164.589088 -1.969221 -0.026686 0.022162 0.942239 -0.333139
54.7704 17.716561 164.005211 -1.976446 -0.022684 0.022553 0.942470 -0.332757
54.8743 17.015192 163.427000 -1.979187 -0.018319 0.024102 0.942762 -0.332091
54.9785 16.302668 162.842493 -1.979914 -0.016601 0.024939 0.942944 -0.331601
55.0820 15.593862 162.262465 -1.973841 -0.017987 0.024472 0.943128 -0.331039
55.1859 14.883145 161.683936 -1.968545 -0.019361 0.024298 0.943259 -0.330602
55.2908 14.170192 161.103913 -1.965602 -0.020085 0.024117 0.943402 -0.330164
55.3937 13.476703 160.536875 -1.964734 -0.019773 0.022660 0.943971 -0.328656
55.4977 12.771803 159.970645 -1.962507 -0.019198 0.020925 0.945089 -0.325578
55.6017 12.065052 159.414699 -1.959607 -0.019134 0.019855 0.946576 -0.321300
55.7057 11.355989 158.875577 -1.962092 -0.018972 0.020186 0.948404 -0.315852
55.8097 10.640091 158.351942 -1.966569 -0.019554 0.020809 0.950668 -0.308892
55.9138 9.916115 157.847406 -1.970533 -0.021303 0.022196 0.953321 -0.300386
56.0179 9.185791 157.351201 -1.973285 -0.023516 0.022583 0.956275 -0.290646
56.1221 8.448106 156.883890 -1.980971 -0.024271 0.023564 0.959706 -0.278963
56.2262 7.702384 156.432090 -1.992251 -0.024958 0.025507 0.963474 -0.265412
56.3305 6.942371 156.015413 -2.011192 -0.025800 0.026910 0.967473 -0.250213
56.4347 6.170690 155.622784 -2.026770 -0.026716 0.028130 0.971428 -0.234144
56.5389 5.391688 155.247582 -2.043843 -0.026288 0.029262 0.975109 -0.218210
56.6430 4.611393 154.913960 -2.060707 -0.022674 0.031269 0.978593 -0.202146
56.7473 3.827608 154.594443 -2.076792 -0.017623 0.032987 0.981883 -0.185759
56.8514 3.033392 154.307061 -2.082787 -0.014107 0.031681 0.984937 -0.169398
56.9556 2.223777 154.029478 -2.085432 -0.013474 0.029291 0.987625 -0.153482
57.0596 1.403990 153.786492 -2.082852 -0.013386 0.028171 0.989797 -0.139027
57.1636 0.575937 153.567782 -2.082662 -0.012910 0.028690 0.991511 -0.126156
57.2675 -0.260844 153.363905 -2.087772 -0.011711 0.030687 0.992808 -0.115128
57.3713 -1.107463 153.173085 -2.091091 -0.012063 0.030434 0.993883 -0.105471
57.4751 -1.971546 152.989935 -2.091472 -0.014877 0.028320 0.994886 -0.095800
57.5791 -2.840971 152.824969 -2.097173 -0.016396 0.028154 0.995721 -0.086481
57.6829 -3.718558 152.678506 -2.108109 -0.016142 0.028208 0.996460 -0.077534
57.7867 -4.599098 152.542252 -2.116387 -0.013946 0.027753 0.997116 -0.069252
57.8906 -5.494863 152.419118 -2.130487 -0.012497 0.029110 0.997567 -0.062095
57.9949 -6.415691 152.311049 -2.146943 -0.013666 0.032053 0.997775 -0.056848
58.0981 -7.344997 152.208991 -2.161254 -0.019096 0.034585 0.997794 -0.053359
58.2019 -8.288083 152.105853 -2.179563 -0.023773 0.036071 0.997730 -0.051656
58.3054 -9.230200 151.999180 -2.205762 -0.024057 0.035838 0.997772 -0.050878
58.4092 -10.177998 151.887905 -2.232461 -0.022397 0.034404 0.997887 -0.050354
58.5128 -11.133001 151.771778 -2.257720 -0.020289 0.031908 0.998036 -0.049945
58.6166 -12.104946 151.647352 -2.280734 -0.018699 0.027757 0.998198 -0.049804
58.7204 -13.093682 151.525197 -2.303826 -0.018758 0.025167 0.998264 -0.049833
58.8240 -14.091478 151.407271 -2.326855 -0.019769 0.024004 0.998253 -0.050240
58.9278 -15.095960 151.288805 -2.348426 -0.020730 0.022805 0.998240 -0.050671
59.0317 -16.115578 151.167830 -2.374635 -0.020817 0.022674 0.998209 -0.051297
59.1354 -17.134990 151.045580 -2.399507 -0.020441 0.021716 0.998201 -0.052019
59.2392 -18.164662 150.918302 -2.423347 -0.019393 0.020834 0.998216 -0.052492
59.3431 -19.197533 150.791474 -2.445243 -0.018411 0.019929 0.998230 -0.052927
59.4468 -20.238432 150.663953 -2.464073 -0.017839 0.018328 0.998274 -0.052868
59.5507 -21.285836 150.535671 -2.476479 -0.017918 0.017051 0.998328 -0.052249
59.6546 -22.335696 150.411056 -2.489702 -0.018239 0.016285 0.998375 -0.051479
59.7584 -23.387432 150.290045 -2.503152 -0.018465 0.016061 0.998411 -0.050753
59.8625 -24.438527 150.170702 -2.518165 -0.018771 0.015633 0.998449 -0.050022
59.9660 -25.492165 150.055593 -2.537138 -0.019324 0.015652 0.998469 -0.049409
60.0697 -26.545740 149.938669 -2.556463 -0.020652 0.015388 0.998467 -0.048990
60.1735 -27.595827 149.825650 -2.580744 -0.021496 0.014946 0.998476 -0.048589
60.2772 -28.639447 149.713861 -2.604017 -0.020929 0.014516 0.998522 -0.048016
60.3811 -29.680193 149.604550 -2.628798 -0.019767 0.014369 0.998567 -0.047614
60.4848 -30.720727 149.495346 -2.650675 -0.019060 0.014061 0.998602 -0.047259
60.5885 -31.759015 149.387574 -2.670165 -0.019114 0.013840 0.998628 -0.046752
60.6926 -32.799251 149.280738 -2.690156 -0.019604 0.013389 0.998663 -0.045921
60.7970 -33.841360 149.175739 -2.713632 -0.020176 0.012786 0.998719 -0.044602
60.9002 -34.864307 149.075414 -2.735651 -0.020583 0.012262 0.998780 -0.043172
61.0039 -35.891391 148.978366 -2.758660 -0.019875 0.011948 0.998861 -0.041704
61.1077 -36.916141 148.883176 -2.780833 -0.019634 0.011433 0.998934 -0.040194
61.2116 -37.939764 148.789089 -2.799330 -0.020124 0.010973 0.998989 -0.038663
61.3153 -38.960072 148.699208 -2.818018 -0.021022 0.010833 0.999023 -0.037326
61.4192 -39.977873 148.615470 -2.837198 -0.021727 0.011094 0.999057 -0.035927
61.5230 -40.991230 148.536337 -2.856877 -0.021831 0.011449 0.999091 -0.034768
61.6268 -41.999698 148.453583 -2.876712 -0.021583 0.011339 0.999136 -0.033645
61.7310 -43.008714 148.374349 -2.896861 -0.021018 0.011874 0.999174 -0.032699
61.8345 -44.008421 148.295884 -2.918951 -0.021045 0.011498 0.999201 -0.031983
61.9384 -45.011771 148.213206 -2.944161 -0.021367 0.010813 0.999221 -0.031361
62.0421 -46.007890 148.132379 -2.966384 -0.020822 0.010412 0.999249 -0.030976
62.1459 -46.998766 148.049983 -2.988475 -0.018741 0.010248 0.999301 -0.030679
62.2499 -47.986623 147.969977 -3.007529 -0.017011 0.009795 0.999340 -0.030554
62.3537 -48.974281 147.892989 -3.026042 -0.016807 0.009987 0.999336 -0.030742
62.4574 -49.959173 147.816105 -3.040719 -0.016828 0.010414 0.999323 -0.030999
62.5613 -50.941157 147.739092 -3.053587 -0.017594 0.011245 0.999289 -0.031379
62.6653 -51.920804 147.661073 -3.065066 -0.018252 0.012299 0.999251 -0.031821
62.7691 -52.893754 147.583532 -3.078963 -0.018708 0.012701 0.999222 -0.032320
62.8728 -53.861275 147.504681 -3.090491 -0.019031 0.013015 0.999197 -0.032768
62.9767 -54.829628 147.425834 -3.100331 -0.019275 0.012527 0.999182 -0.033280
63.0807 -55.794018 147.345907 -3.110154 -0.018717 0.012451 0.999180 -0.033683
63.1845 -56.752777 147.268813 -3.122144 -0.018126 0.013516 0.999147 -0.034548
63.2882 -57.709604 147.189671 -3.133365 -0.017658 0.014212 0.999094 -0.036014
63.3921 -58.659940 147.104236 -3.143543 -0.017306 0.013619 0.999056 -0.037436
63.4958 -59.607563 147.018946 -3.150838 -0.016646 0.013555 0.999023 -0.038618
63.5997 -60.549285 146.933827 -3.158540 -0.016338 0.013722 0.998986 -0.039637
63.7036 -61.485137 146.845939 -3.166281 -0.016435 0.013328 0.998969 -0.040171
63.8074 -62.414160 146.757618 -3.169953 -0.017551 0.012478 0.998952 -0.040388
63.9114 -63.332783 146.671914 -3.174394 -0.018532 0.012047 0.998950 -0.040119
64.0158 -64.244930 146.587862 -3.179840 -0.019095 0.011904 0.998961 -0.039640
64.1195 -65.136912 146.505449 -3.186672 -0.019211 0.011208 0.998992 -0.038993
64.2234 -66.016595 146.425865 -3.194253 -0.019073 0.010566 0.999042 -0.037947
64.3274 -66.881496 146.349494 -3.204002 -0.019246 0.010076 0.999111 -0.036122
64.4314 -67.731505 146.278002 -3.215282 -0.019443 0.010170 0.999203 -0.033360
64.5356 -68.562118 146.213168 -3.225089 -0.019477 0.010451 0.999310 -0.029833
64.6396 -69.371982 146.157824 -3.236106 -0.019697 0.011384 0.999405 -0.025910
64.7436 -70.159420 146.114690 -3.242857 -0.020515 0.012541 0.999469 -0.022002
64.8476 -70.923283 146.080197 -3.247057 -0.020677 0.014231 0.999521 -0.018079
64.9515 -71.661617 146.049164 -3.250458 -0.021055 0.015090 0.999562 -0.014330
65.0555 -72.375461 146.020099 -3.253518 -0.021377 0.015787 0.999590 -0.010614
65.1595 -73.061274 145.998465 -3.256639 -0.021320 0.016224 0.999615 -0.007171
65.2635 -73.720306 145.982940 -3.260792 -0.021156 0.016897 0.999625 -0.004001
65.3675 -74.353643 145.969285 -3.266108 -0.020982 0.017334 0.999629 -0.001026
65.4715 -74.960287 145.960312 -3.272892 -0.020721 0.017908 0.999623 0.001686
65.5753 -75.539379 145.958516 -3.275260 -0.020380 0.018959 0.999604 0.004091
65.6793 -76.096148 145.962248 -3.277073 -0.021119 0.019817 0.999560 0.006365
65.7833 -76.621382 145.968674 -3.277620 -0.022116 0.020070 0.999519 0.008387
65.8873 -77.117373 145.974924 -3.280436 -0.022579 0.020509 0.999482 0.010265
65.9912 -77.580913 145.985489 -3.283309 -0.022893 0.020718 0.999454 0.011800
66.0953 -78.017229 145.998328 -3.287960 -0.023228 0.021447 0.999415 0.013042
66.1991 -78.418540 146.015467 -3.292961 -0.023521 0.022571 0.999370 0.013999
66.3031 -78.788489 146.027971 -3.298525 -0.023858 0.023153 0.999341 0.014602
66.4070 -79.126288 146.041982 -3.299496 -0.024420 0.023028 0.999328 0.014761
66.5129 -79.434109 146.051887 -3.301149 -0.024659 0.022521 0.999336 0.014537
66.6148 -79.700444 146.059349 -3.301807 -0.024378 0.021821 0.999367 0.013999
66.7188 -79.945418 146.066648 -3.304863 -0.024062 0.020962 0.999404 0.013138
66.8241 -80.170613 146.071544 -3.309615 -0.023716 0.020166 0.999444 0.011904
66.9268 -80.372131 146.078052 -3.315218 -0.023090 0.019650 0.999483 0.010666
67.0316 -80.568885 146.081469 -3.321688 -0.021745 0.019510 0.999530 0.009240
67.1346 -80.757621 146.083235 -3.332342 -0.020702 0.019765 0.999558 0.008085
67.2385 -80.942807 146.082641 -3.340183 -0.020605 0.020191 0.999559 0.006970
67.3425 -81.119138 146.074394 -3.351937 -0.021100 0.019758 0.999565 0.005831
67.4465 -81.284411 146.063281 -3.360323 -0.021308 0.018797 0.999586 0.004617
67.5503 -81.434364 146.049286 -3.369001 -0.020972 0.017909 0.999614 0.003243
67.6543 -81.574823 146.044453 -3.375266 -0.020544 0.018208 0.999622 0.001418
67.7582 -81.707463 146.042356 -3.381520 -0.020181 0.018827 0.999619 -0.000899
67.8622 -81.833405 146.036889 -3.387029 -0.019942 0.019032 0.999614 -0.003593
67.9661 -81.952454 146.027347 -3.393009 -0.019909 0.018464 0.999608 -0.006891
68.0702 -82.064111 146.013574 -3.398056 -0.019794 0.017462 0.999594 -0.010775
68.1740 -82.168357 145.998549 -3.402119 -0.019906 0.016434 0.999559 -0.014655
68.2779 -82.260239 145.980226 -3.404684 -0.020398 0.015769 0.999503 -0.018162
68.3818 -82.336305 145.964399 -3.406963 -0.020648 0.015080 0.999445 -0.021356
68.4859 -82.397553 145.950205 -3.410312 -0.020740 0.014712 0.999394 -0.023762
68.5900 -82.444784 145.939269 -3.413247 -0.020330 0.014788 0.999350 -0.025851
68.6940 -82.480169 145.929077 -3.416345 -0.020111 0.014726 0.999312 -0.027462
68.7980 -82.505086 145.920548 -3.417748 -0.020142 0.014845 0.999279 -0.028555
68.9021 -82.519834 145.912648 -3.420477 -0.019815 0.014620 0.999261 -0.029524
69.0060 -82.526583 145.906465 -3.422059 -0.019913 0.014482 0.999248 -0.029957
69.1108 -82.523519 145.901532 -3.424191 -0.019956 0.014454 0.999250 -0.029881
69.2142 -82.516294 145.899133 -3.424212 -0.019519 0.014824 0.999253 -0.029870
69.3182 -82.514584 145.898369 -3.423684 -0.018909 0.015045 0.999258 -0.030008
69.4223 -82.517660 145.900740 -3.425537 -0.018738 0.014924 0.999266 -0.029878
69.5263 -82.520221 145.905974 -3.427575 -0.018944 0.014800 0.999261 -0.029984
69.6303 -82.519898 145.910126 -3.428639 -0.018737 0.014814 0.999263 -0.030058
69.7343 -82.518672 145.912615 -3.432578 -0.018732 0.014912 0.999263 -0.030003
69.8384 -82.517775 145.915490 -3.437115 -0.018955 0.014900 0.999256 -0.030108
69.9433 -82.516152 145.917113 -3.441922 -0.018814 0.014909 0.999258 -0.030124
70.0473 -82.515264 145.917887 -3.448463 -0.018804 0.014945 0.999255 -0.030219
70.1505 -82.516692 145.919304 -3.452605 -0.018905 0.014956 0.999251 -0.030255
70.2545 -82.518447 145.921518 -3.457113 -0.018896 0.014981 0.999250 -0.030289
70.3584 -82.519266 145.922293 -3.459313 -0.018870 0.015048 0.999247 -0.030395
70.4625 -82.522960 145.924922 -3.467077 -0.018844 0.015082 0.999244 -0.030470
70.5665 -82.524559 145.925556 -3.472310 -0.018904 0.015138 0.999241 -0.030524
70.6706 -82.526635 145.927102 -3.478860 -0.018892 0.015163 0.999238 -0.030609
70.7745 -82.527407 145.927322 -3.483230 -0.018892 0.015179 0.999237 -0.030644
70.8786 -82.528692 145.928292 -3.489111 -0.018900 0.015196 0.999233 -0.030759
70.9825 -82.528196 145.926700 -3.492753 -0.018912 0.015233 0.999227 -0.030906
71.0867 -82.528662 145.926691 -3.498772 -0.018904 0.015323 0.999222 -0.031027
71.1907 -82.527324 145.925449 -3.503908 -0.018865 0.015377 0.999216 -0.031238
71.2947 -82.523947 145.923009 -3.510203 -0.018865 0.015445 0.999209 -0.031427
71.3988 -82.520531 145.920726 -3.517521 -0.018838 0.015488 0.999200 -0.031708
71.5030 -82.517548 145.918858 -3.523590 -0.018846 0.015564 0.999194 -0.031856
71.6069 -82.515141 145.919675 -3.527676 -0.018840 0.015605 0.999193 -0.031847
71.7110 -82.513053 145.920418 -3.531633 -0.018875 0.015669 0.999191 -0.031873
71.8177 -82.510582 145.920807 -3.536477 -0.018885 0.015649 0.999187 -0.031986
71.9190 -82.508513 145.920351 -3.540034 -0.018858 0.015683 0.999186 -0.032024
72.0231 -82.507217 145.919789 -3.542576 -0.018869 0.015756 0.999184 -0.032049
72.1270 -82.505790 145.919392 -3.543428 -0.018867 0.015844 0.999179 -0.032168
72.2320 -82.505451 145.921294 -3.544445 -0.018898 0.015889 0.999178 -0.032154
72.3351 -82.504712 145.921558 -3.546035 -0.018857 0.015881 0.999176 -0.032246
72.4392 -82.505179 145.922185 -3.550249 -0.018865 0.015909 0.999174 -0.032284
72.5432 -82.505370 145.922209 -3.553081 -0.018886 0.015907 0.999172 -0.032323
72.6472 -82.505697 145.922550 -3.555985 -0.018919 0.015933 0.999169 -0.032382
72.7512 -82.505484 145.922137 -3.558217 -0.018926 0.015954 0.999165 -0.032506
72.8552 -82.505821 145.919917 -3.562984 -0.018914 0.015968 0.999161 -0.032627
72.9592 -82.505729 145.918460 -3.566621 -0.018956 0.015966 0.999158 -0.032690
73.0633 -82.505887 145.918773 -3.568916 -0.018958 0.016032 0.999157 -0.032696
73.1675 -82.506084 145.919228 -3.569481 -0.018960 0.016070 0.999154 -0.032771
73.2717 -82.505773 145.918712 -3.569664 -0.018975 0.016028 0.999155 -0.032755
73.3753 -82.505658 145.918919 -3.570571 -0.018980 0.016042 0.999154 -0.032760
73.4794 -82.505316 145.918911 -3.572025 -0.019012 0.016058 0.999154 -0.032741
73.5835 -82.505921 145.913930 -3.575955 -0.019011 0.016005 0.999153 -0.032789
73.6876 -82.504999 145.910264 -3.578811 -0.019044 0.015970 0.999152 -0.032838
73.7916 -82.504471 145.907176 -3.579958 -0.018995 0.015983 0.999152 -0.032848
73.8957 -82.504098 145.905989 -3.580861 -0.019009 0.015999 0.999151 -0.032861
73.9996 -82.505043 145.909341 -3.581256 -0.019021 0.015993 0.999153 -0.032799
74.1037 -82.505325 145.910928 -3.581336 -0.019028 0.015999 0.999153 -0.032782
74.2077 -82.505470 145.911345 -3.582205 -0.019028 0.016030 0.999152 -0.032801
74.3117 -82.505423 145.910351 -3.584460 -0.018996 0.016027 0.999153 -0.032810
74.4157 -82.522506 145.939737 -3.623735 -0.019038 0.016035 0.999151 -0.032818
74.5198 -82.534745 145.958860 -3.651050 -0.018939 0.015986 0.999143 -0.033146
74.6239 -82.548956 145.975918 -3.674311 -0.018710 0.015905 0.999109 -0.034310
74.7278 -82.568636 145.991825 -3.698269 -0.018514 0.015660 0.999086 -0.035194
74.8319 -82.590508 146.001631 -3.715218 -0.018401 0.015383 0.999038 -0.036710
74.9359 -82.619115 146.016564 -3.733630 -0.018491 0.015617 0.998942 -0.039115
75.0399 -82.649107 146.024592 -3.746592 -0.018490 0.015626 0.998829 -0.041885
75.1438 -82.684016 146.031159 -3.761301 -0.018475 0.015292 0.998699 -0.045001
75.2478 -82.718410 146.030638 -3.770040 -0.018497 0.015165 0.998520 -0.048836
75.3517 -82.758772 146.033726 -3.780318 -0.018409 0.015148 0.998293 -0.053324
75.4557 -82.800844 146.030149 -3.786943 -0.018453 0.015047 0.998029 -0.058058
75.5596 -82.848597 146.029483 -3.794438 -0.018494 0.014888 0.997710 -0.063339
75.6636 -82.898068 146.022599 -3.799932 -0.018478 0.014887 0.997311 -0.069334
75.7675 -82.950161 146.010812 -3.806832 -0.018360 0.014799 0.996842 -0.075833
75.8714 -83.008773 145.996358 -3.812928 -0.017882 0.014688 0.996287 -0.082921
75.9752 -83.075009 145.975563 -3.820145 -0.016857 0.014434 0.995606 -0.090979
76.0791 -83.156061 145.948980 -3.826719 -0.015746 0.013825 0.994805 -0.099614
76.1830 -83.258757 145.923332 -3.832113 -0.015217 0.013202 0.993886 -0.108559
76.2868 -83.367238 145.879715 -3.836681 -0.015436 0.012822 0.992842 -0.117738
76.3907 -83.497473 145.840018 -3.840315 -0.016123 0.013398 0.991644 -0.127292
76.4951 -83.640718 145.790523 -3.843916 -0.016917 0.014158 0.990199 -0.137907
76.5983 -83.794131 145.731872 -3.846401 -0.017540 0.013669 0.988532 -0.149365
76.7021 -83.960607 145.663686 -3.849953 -0.018828 0.012822 0.986628 -0.161391
76.8058 -84.131450 145.584190 -3.855277 -0.019835 0.012813 0.984502 -0.173778
76.9097 -84.311937 145.501596 -3.860942 -0.020463 0.013639 0.982096 -0.186771
77.0134 -84.500128 145.408165 -3.865303 -0.021720 0.014144 0.979324 -0.200632
77.1171 -84.688828 145.296684 -3.870565 -0.023353 0.014515 0.976067 -0.215726
77.2208 -84.886138 145.178806 -3.876108 -0.024218 0.014769 0.972247 -0.232230
77.3245 -85.088893 145.046640 -3.883487 -0.023829 0.015080 0.967721 -0.250442
77.4282 -85.292417 144.881124 -3.890163 -0.022547 0.014696 0.962390 -0.270334
77.5318 -85.515342 144.702174 -3.895990 -0.021188 0.013492 0.956191 -0.291663
77.6354 -85.743652 144.483980 -3.901306 -0.020255 0.013319 0.948917 -0.314594
77.7391 -85.998909 144.260601 -3.911726 -0.019632 0.015195 0.940437 -0.339060
77.8427 -86.262952 144.008889 -3.924022 -0.018386 0.017561 0.931115 -0.363838
77.9465 -86.518530 143.701154 -3.932904 -0.016735 0.018574 0.921235 -0.388201
78.0503 -86.790593 143.375964 -3.938665 -0.016229 0.018675 0.910811 -0.412082
78.1540 -87.065673 143.014061 -3.941646 -0.016564 0.019207 0.899577 -0.436026
78.2578 -87.326227 142.599797 -3.945042 -0.017460 0.019802 0.887594 -0.459869
78.3616 -87.585297 142.163714 -3.945883 -0.018681 0.018830 0.875029 -0.483343
78.4654 -87.825138 141.677885 -3.948989 0.020948 -0.018422 -0.861630 0.506770
78.5693 -88.065915 141.183907 -3.952771 0.023861 -0.019149 -0.847358 0.530139
78.6731 -88.287197 140.656974 -3.954533 0.026281 -0.019605 -0.832417 0.553178
78.7769 -88.472950 140.078120 -3.956054 0.027963 -0.019292 -0.817106 0.575485
78.8808 -88.648714 139.488724 -3.956584 0.029568 -0.018915 -0.801754 0.596623
78.9849 -88.792949 138.852374 -3.958488 0.030654 -0.019100 -0.786304 0.616783
79.0888 -88.922562 138.205146 -3.963082 0.030986 -0.020636 -0.771695 0.634902
79.1930 -89.025515 137.526601 -3.966964 0.030118 -0.021490 -0.758688 0.650402
79.2971 -89.099798 136.812600 -3.970221 0.028777 -0.021414 -0.747384 0.663423
79.4013 -89.162464 136.079849 -3.971823 0.027188 -0.021862 -0.738152 0.673732
79.5057 -89.211553 135.315993 -3.971096 0.026084 -0.022781 -0.730688 0.681833
79.6101 -89.250713 134.526809 -3.970019 0.025878 -0.023324 -0.724742 0.688139
79.7145 -89.279706 133.714498 -3.967004 0.025755 -0.024318 -0.719525 0.693563
79.8188 -89.299054 132.881918 -3.959908 0.025435 -0.025613 -0.714620 0.698581
79.9231 -89.306976 132.029873 -3.952161 0.024630 -0.027557 -0.709479 0.703756
80.0274 -89.301022 131.155246 -3.942616 0.023261 -0.028934 -0.704456 0.708776
80.1317 -89.278027 130.254771 -3.929148 0.021811 -0.028278 -0.700014 0.713236
80.2359 -89.243461 129.334154 -3.910614 0.020257 -0.026656 -0.696597 0.716681
80.3403 -89.200835 128.391987 -3.891440 0.018586 -0.024829 -0.694703 0.718628
80.4446 -89.158216 127.427422 -3.872933 0.017296 -0.024254 -0.693825 0.719527
80.5489 -89.116254 126.438909 -3.854963 0.017278 -0.023473 -0.693537 0.719831
80.6532 -89.073938 125.424879 -3.837460 0.018013 -0.023305 -0.693100 0.720239
80.7573 -89.027041 124.387620 -3.820263 0.018394 -0.023310 -0.692072 0.721217
80.8614 -88.976432 123.333217 -3.803358 0.018636 -0.023629 -0.690534 0.722673
80.9655 -88.919016 122.257881 -3.784868 0.018438 -0.023797 -0.688849 0.724280
81.0697 -88.838854 121.165454 -3.767299 0.018349 -0.023690 -0.687071 0.725972
81.1738 -88.749290 120.055981 -3.747824 0.018082 -0.023448 -0.685080 0.727866
81.2778 -88.662990 118.933203 -3.726872 0.019167 -0.022893 -0.683135 0.729682
81.3818 -88.566790 117.792972 -3.707433 0.020839 -0.021893 -0.681178 0.731494
81.4859 -88.468311 116.636847 -3.688236 0.021828 -0.021022 -0.679497 0.733053
81.5899 -88.360714 115.468854 -3.673249 0.021717 -0.021158 -0.678671 0.733816
81.6941 -88.248787 114.287776 -3.655892 0.020579 -0.021542 -0.678656 0.733852
81.7981 -88.134158 113.092912 -3.637502 0.020223 -0.021550 -0.679010 0.733534
81.9022 -88.025541 111.891471 -3.618092 0.021376 -0.020953 -0.679231 0.733314
82.0062 -87.916460 110.685430 -3.597170 0.022688 -0.020576 -0.679344 0.733181
82.1102 -87.812121 109.485427 -3.576714 0.023652 -0.020479 -0.679520 0.732990
82.2142 -87.707763 108.290988 -3.555560 0.023885 -0.020253 -0.679641 0.732876
82.3182 -87.598847 107.098016 -3.531836 0.024048 -0.020247 -0.679830 0.732695
82.4222 -87.493321 105.910735 -3.507423 0.023363 -0.020423 -0.680037 0.732521
82.5262 -87.387825 104.723938 -3.483815 0.022551 -0.021272 -0.680217 0.732355
82.6302 -87.285987 103.535859 -3.460158 0.022395 -0.021365 -0.680354 0.732230
82.7340 -87.181705 102.347498 -3.435066 0.022849 -0.020186 -0.680543 0.732073
82.8381 -87.081378 101.160404 -3.412968 0.023717 -0.019405 -0.680729 0.731894
82.9421 -86.972670 99.978358 -3.395095 0.022984 -0.019697 -0.680823 0.731822
83.0460 -86.872958 98.801859 -3.376724 0.022595 -0.020818 -0.680957 0.731679
83.1499 -86.770189 97.628410 -3.355424 0.022141 -0.021330 -0.681017 0.731622
83.2540 -86.669304 96.454965 -3.334193 0.022372 -0.020039 -0.681146 0.731531
83.3579 -86.568459 95.282081 -3.313102 0.023059 -0.018709 -0.681228 0.731469
83.4619 -86.468728 94.112070 -3.295950 0.023341 -0.017123 -0.681405 0.731334
83.5659 -86.367463 92.949428 -3.280414 0.022035 -0.016560 -0.681582 0.731222
83.6698 -86.271725 91.792085 -3.264344 0.021219 -0.016816 -0.681640 0.731187
83.7737 -86.177820 90.636810 -3.247272 0.020907 -0.016866 -0.681692 0.731146
83.8776 -86.082606 89.483431 -3.227832 0.020681 -0.016302 -0.681789 0.731074
83.9816 -85.991083 88.330646 -3.209248 0.021550 -0.016005 -0.681793 0.731053
84.0856 -85.900163 87.181925 -3.190986 0.021816 -0.016363 -0.681774 0.731054
84.1897 -85.812283 86.038731 -3.173662 0.021925 -0.017891 -0.681848 0.730946
84.2934 -85.724914 84.901528 -3.155942 0.022197 -0.019228 -0.681602 0.731133
84.3971 -85.638565 83.767777 -3.135888 0.023284 -0.020067 -0.681040 0.731601
84.5010 -85.545580 82.630950 -3.114722 0.024000 -0.019975 -0.680041 0.732509
84.6047 -85.450308 81.501053 -3.094126 0.024522 -0.019764 -0.678817 0.733632
84.7086 -85.347484 80.373789 -3.075032 0.024335 -0.019053 -0.677743 0.734649
84.8123 -85.240615 79.253803 -3.054343 0.022989 -0.018467 -0.676767 0.735606
84.9161 -85.133212 78.138482 -3.031646 0.021830 -0.018834 -0.675694 0.736618
85.0201 -85.028300 77.018427 -3.002125 0.021611 -0.018872 -0.674720 0.737516
85.1237 -84.921457 75.904870 -2.972391 0.022097 -0.018257 -0.673961 0.738211
85.2274 -84.813588 74.794271 -2.943707 0.022463 -0.018045 -0.673290 0.738817
85.3312 -84.703456 73.687298 -2.918403 0.022629 -0.017848 -0.672714 0.739341
85.4351 -84.590014 72.581582 -2.892419 0.022995 -0.017315 -0.672193 0.739816
85.5389 -84.474441 71.481238 -2.869090 0.022520 -0.016575 -0.671858 0.740152
85.6426 -84.358787 70.383967 -2.845859 0.022214 -0.016344 -0.671886 0.740141
85.7464 -84.242647 69.290751 -2.825019 0.021327 -0.016012 -0.672150 0.739935
85.8504 -84.129358 68.198286 -2.804244 0.021118 -0.016051 -0.672666 0.739471
85.9542 -84.019095 67.104643 -2.783985 0.021566 -0.016123 -0.673257 0.738918
86.0581 -83.910535 66.006513 -2.770199 0.022509 -0.017201 -0.674060 0.738133
86.1619 -83.806625 64.911197 -2.756922 0.023178 -0.018827 -0.674837 0.737363
86.2664 -83.703563 63.810673 -2.742366 0.023687 -0.020148 -0.675676 0.736543
86.3697 -83.605347 62.727551 -2.726889 0.024668 -0.020734 -0.676481 0.735755
86.4736 -83.504929 61.633495 -2.706180 0.025483 -0.019936 -0.677323 0.734974
86.5775 -83.404254 60.541895 -2.684626 0.025628 -0.018859 -0.678193 0.734195
86.6813 -83.308248 59.466304 -2.663092 0.025147 -0.018721 -0.679070 0.733404
86.7855 -83.213346 58.394994 -2.638150 0.024210 -0.018604 -0.679882 0.732685
86.8891 -83.122147 57.331525 -2.614673 0.023087 -0.019255 -0.680617 0.732022
86.9929 -83.019704 56.255485 -2.593756 0.021828 -0.019930 -0.681271 0.731434
87.0967 -82.928506 55.183601 -2.571426 0.021500 -0.021127 -0.681849 0.730871
87.2006 -82.834461 54.107976 -2.546865 0.021371 -0.021290 -0.682220 0.730525
87.3044 -82.745006 53.033460 -2.522117 0.022165 -0.020715 -0.682409 0.730341
87.4083 -82.654229 51.960829 -2.498423 0.023012 -0.019732 -0.682313 0.730432
87.5122 -82.562008 50.897445 -2.476764 0.022810 -0.018206 -0.682189 0.730593
87.6161 -82.468514 49.849350 -2.458132 0.021816 -0.016723 -0.682016 0.730820
87.7198 -82.374053 48.800970 -2.440257 0.020097 -0.015200 -0.681880 0.731030
87.8236 -82.279777 47.753033 -2.423292 0.018693 -0.014210 -0.681765 0.731195
87.9273 -82.183759 46.710370 -2.406153 0.017023 -0.013233 -0.681661 0.731351
88.0311 -82.091792 45.663582 -2.388068 0.016255 -0.013140 -0.681559 0.731464
88.1351 -82.000874 44.604508 -2.376551 0.014889 -0.013579 -0.681267 0.731758
88.2387 -81.913143 43.546121 -2.363328 0.015049 -0.013861 -0.681062 0.731940
88.3426 -81.829165 42.481114 -2.354572 0.017763 -0.013843 -0.680715 0.732202
88.4463 -81.741353 41.420144 -2.341282 0.020470 -0.011873 -0.680337 0.732517
88.5502 -81.648845 40.357835 -2.329051 0.021609 -0.012809 -0.679861 0.732911
88.6539 -81.565737 39.304477 -2.318664 0.021141 -0.015163 -0.679381 0.733325
88.7578 -81.478307 38.250160 -2.304342 0.019990 -0.016933 -0.679096 0.733582
88.8617 -81.387123 37.201428 -2.284782 0.019265 -0.017202 -0.678979 0.733704
88.9656 -81.294229 36.154392 -2.266511 0.019035 -0.017247 -0.678749 0.733921
89.0695 -81.203725 35.114604 -2.247975 0.019574 -0.017709 -0.678616 0.734019
89.1733 -81.114868 34.080569 -2.228029 0.019497 -0.019217 -0.678586 0.734010
89.2774 -81.027603 33.047918 -2.207519 0.019635 -0.021290 -0.678602 0.733935
89.3812 -80.940860 32.023551 -2.184551 0.019874 -0.022305 -0.678764 0.733749
89.4851 -80.853493 30.992547 -2.160697 0.021373 -0.022050 -0.679042 0.733457
89.5890 -80.770592 29.964003 -2.138026 0.023361 -0.021241 -0.679232 0.733244
89.6929 -80.689818 28.940986 -2.119138 0.024062 -0.020695 -0.679518 0.732972
89.7968 -80.611661 27.924486 -2.104626 0.023357 -0.020735 -0.679935 0.732607
89.9007 -80.535411 26.915234 -2.092612 0.022077 -0.020677 -0.680330 0.732281
90.0046 -80.456562 25.903309 -2.077085 0.021875 -0.020217 -0.680739 0.731920
90.1087 -80.382361 24.892056 -2.061527 0.022476 -0.019353 -0.681091 0.731598
90.2125 -80.307161 23.887756 -2.042206 0.022849 -0.018685 -0.681464 0.731256
90.3165 -80.234915 22.885243 -2.018850 0.023361 -0.019315 -0.681719 0.730986
90.4203 -80.161375 21.890760 -1.997333 0.023362 -0.019427 -0.681961 0.730757
90.5243 -80.087581 20.899362 -1.976354 0.023389 -0.019396 -0.682245 0.730492
90.6282 -80.014003 19.922662 -1.954396 0.023189 -0.018190 -0.682532 0.730261
90.7322 -79.943899 18.967395 -1.933410 0.023078 -0.017591 -0.682848 0.729984
90.8362 -79.874962 18.029838 -1.912435 0.023079 -0.017196 -0.683161 0.729700
90.9401 -79.805242 17.107749 -1.894024 0.023154 -0.016562 -0.683392 0.729496
91.0441 -79.735251 16.205095 -1.873668 0.023130 -0.015307 -0.683411 0.729506
91.1481 -79.665982 15.323596 -1.855074 0.023497 -0.015400 -0.683135 0.729752
91.2519 -79.591920 14.467980 -1.838999 0.023066 -0.015892 -0.682309 0.730527
91.3559 -79.520418 13.629036 -1.824922 0.022763 -0.016308 -0.681185 0.731576
91.4598 -79.442596 12.815085 -1.800915 0.021910 -0.015668 -0.679741 0.732957
91.5638 -79.361406 12.019707 -1.774371 0.020799 -0.015046 -0.678171 0.734456
91.6677 -79.281839 11.239142 -1.750650 0.020266 -0.015399 -0.676292 0.736194
91.7717 -79.201943 10.482694 -1.727226 0.020054 -0.016181 -0.673721 0.738537
91.8756 -79.118368 9.747694 -1.703032 0.020108 -0.017639 -0.670351 0.741562
91.9795 -79.028944 9.036830 -1.676908 0.020044 -0.019002 -0.666251 0.745216
92.0837 -78.928308 8.346885 -1.647019 0.019653 -0.019038 -0.661755 0.749221
92.1873 -78.820319 7.685573 -1.616410 0.019404 -0.019131 -0.656994 0.753403
92.2918 -78.709296 7.042591 -1.588117 0.019602 -0.019038 -0.651679 0.758003
92.3948 -78.593040 6.431190 -1.555132 0.020572 -0.018660 -0.645795 0.763005
92.4987 -78.467287 5.839003 -1.525720 0.020060 -0.018189 -0.639255 0.768518
92.6071 -78.322345 5.243100 -1.493857 0.018292 -0.017656 -0.631750 0.774755
92.7063 -78.182382 4.710343 -1.467784 0.016757 -0.016956 -0.624251 0.780860
92.8127 -78.026995 4.152137 -1.441753 0.016806 -0.017172 -0.615444 0.787814
92.9139 -77.868175 3.636628 -1.420738 0.016647 -0.016623 -0.606638 0.794630
93.0176 -77.688563 3.127018 -1.402527 0.015716 -0.015899 -0.597108 0.801850
93.1213 -77.502084 2.631707 -1.385213 0.014854 -0.015774 -0.586280 0.809819
93.2251 -77.300807 2.150965 -1.367682 0.013522 -0.016313 -0.574032 0.818559
93.3287 -77.091590 1.684864 -1.350116 0.012622 -0.017932 -0.559795 0.828341
93.4324 -76.867661 1.229808 -1.333092 0.011965 -0.019169 -0.543778 0.838925
93.5362 -76.623428 0.783585 -1.320952 0.013267 -0.019986 -0.525582 0.850405
93.6397 -76.368227 0.353454 -1.306603 0.014989 -0.019806 -0.504381 0.863124
93.7433 -76.085774 -0.051756 -1.289889 0.014197 -0.018335 -0.481914 0.875912
93.8472 -75.770153 -0.430479 -1.270167 0.011311 -0.017094 -0.459348 0.888020
93.9506 -75.451135 -0.791803 -1.255721 0.009243 -0.017378 -0.436227 0.899621
94.0544 -75.122866 -1.139170 -1.239368 0.009138 -0.018982 -0.412251 0.910827
94.1581 -74.775004 -1.471283 -1.217657 0.010595 -0.020624 -0.388259 0.921259
94.2618 -74.410933 -1.771595 -1.191835 0.008419 -0.018805 -0.364612 0.930931
94.3657 -74.021232 -2.041662 -1.166217 0.004019 -0.015791 -0.340988 0.939926
94.4694 -73.628887 -2.295414 -1.150437 0.001250 -0.013409 -0.316640 0.948450
94.5733 -73.226459 -2.540739 -1.136220 0.001656 -0.010450 -0.291922 0.956384
94.6771 -72.803692 -2.772849 -1.122447 0.003460 -0.007523 -0.267298 0.963578
94.7808 -72.374036 -2.978279 -1.107373 0.002701 -0.003854 -0.242852 0.970052
94.8848 -71.915703 -3.142434 -1.095917 -0.002583 0.000707 -0.218298 0.975878
94.9886 -71.464760 -3.290954 -1.091723 -0.004657 0.002420 -0.194018 0.980984
95.0924 -71.011768 -3.433520 -1.097875 -0.005357 0.001257 -0.169785 0.985466
95.1965 -70.542223 -3.559027 -1.099060 -0.004952 0.000307 -0.147468 0.989054
95.3004 -70.068439 -3.665516 -1.106785 -0.005361 0.000259 -0.127565 0.991816
95.4046 -69.578457 -3.748584 -1.110469 -0.008240 0.000411 -0.108958 0.994012
95.5086 -69.086972 -3.818059 -1.117477 -0.011056 -0.000156 -0.091883 0.995708
95.6128 -68.583238 -3.881738 -1.116539 -0.012189 0.000136 -0.077626 0.996908
95.7171 -68.069395 -3.938242 -1.113651 -0.012657 0.000691 -0.066353 0.997716
95.8212 -67.548868 -3.986741 -1.109116 -0.012994 0.001180 -0.055960 0.998348
95.9254 -67.019906 -4.029987 -1.108016 -0.011849 0.001015 -0.046433 0.998851
96.0297 -66.479706 -4.062813 -1.103212 -0.011431 0.000024 -0.038838 0.999180
96.1339 -65.924762 -4.088199 -1.095043 -0.011972 -0.000566 -0.031808 0.999422
96.2382 -65.351726 -4.105008 -1.088143 -0.012385 -0.000652 -0.024490 0.999623
96.3423 -64.764934 -4.115615 -1.081871 -0.012187 -0.000889 -0.017561 0.999771
96.4465 -64.160168 -4.119470 -1.074811 -0.011899 -0.001092 -0.010598 0.999872
96.5506 -63.538599 -4.118699 -1.066660 -0.010819 -0.000729 -0.003431 0.999935
96.6547 -62.900855 -4.106660 -1.058629 -0.010716 -0.001012 0.003121 0.999937
96.7589 -62.247000 -4.084442 -1.050340 -0.011287 -0.001565 0.008267 0.999901
96.8631 -61.578291 -4.056632 -1.041521 -0.012189 -0.002204 0.012560 0.999844
96.9672 -60.891887 -4.028002 -1.032582 -0.012088 -0.002908 0.015781 0.999798
97.0714 -60.186034 -3.989622 -1.018701 -0.012185 -0.003190 0.017921 0.999760
97.1756 -59.470144 -3.949739 -1.007504 -0.011909 -0.003265 0.019689 0.999730
97.2797 -58.737186 -3.910778 -0.998073 -0.011948 -0.002755 0.021116 0.999702
97.3838 -57.989538 -3.872233 -0.987790 -0.011272 -0.001823 0.022443 0.999683
97.4879 -57.232107 -3.832055 -0.977722 -0.010553 -0.000578 0.024038 0.999655
97.5921 -56.470712 -3.788250 -0.966927 -0.010049 0.000624 0.025586 0.999622
97.6962 -55.706681 -3.740615 -0.957192 -0.009892 0.001834 0.027136 0.999581
97.8003 -54.942292 -3.692612 -0.948417 -0.008965 0.002797 0.028761 0.999542
97.9043 -54.180869 -3.643106 -0.940337 -0.007853 0.003228 0.030509 0.999498
98.0083 -53.415615 -3.588359 -0.933560 -0.006816 0.003360 0.032337 0.999448
98.1123 -52.651260 -3.524788 -0.928483 -0.006553 0.003317 0.034219 0.999387
98.2165 -51.885612 -3.457633 -0.923544 -0.006348 0.003104 0.036110 0.999323
98.3203 -51.121206 -3.388992 -0.917688 -0.006363 0.003181 0.037669 0.999265
98.4243 -50.355634 -3.316646 -0.911897 -0.006701 0.003317 0.038698 0.999223
98.5283 -49.591945 -3.245463 -0.904758 -0.007009 0.003194 0.039327 0.999197
98.6323 -48.826300 -3.171720 -0.897576 -0.007627 0.003170 0.039662 0.999179
98.7363 -48.062749 -3.105167 -0.887297 -0.007686 0.003248 0.039751 0.999175
98.8403 -47.299550 -3.048114 -0.872534 -0.007278 0.003602 0.039724 0.999178
98.9443 -46.537067 -2.985348 -0.858722 -0.007170 0.004007 0.039711 0.999177
99.0482 -45.778808 -2.920903 -0.844985 -0.007197 0.004590 0.039704 0.999175
99.1522 -45.021492 -2.856471 -0.833896 -0.007041 0.005051 0.039707 0.999174
99.2561 -44.268499 -2.792472 -0.822608 -0.006957 0.005033 0.039680 0.999176
99.3601 -43.518257 -2.726389 -0.812361 -0.007410 0.004848 0.039527 0.999179
99.4641 -42.770186 -2.662056 -0.802817 -0.007330 0.004572 0.039078 0.999199
99.5679 -42.027192 -2.601446 -0.793297 -0.006817 0.004297 0.038514 0.999226
99.6719 -41.287953 -2.543350 -0.780412 -0.006933 0.004267 0.037746 0.999254
99.7759 -40.558641 -2.484667 -0.762106 -0.007435 0.003955 0.036980 0.999281
99.8799 -39.837950 -2.431486 -0.746662 -0.006108 0.004639 0.036349 0.999310
99.9838 -39.126675 -2.378553 -0.731325 -0.005270 0.005519 0.035790 0.999330
100.0878 -38.426358 -2.316287 -0.719175 -0.006696 0.006568 0.035136 0.999339
100.1918 -37.739179 -2.262520 -0.703547 -0.006990 0.006801 0.034388 0.999361
100.2957 -37.064697 -2.215740 -0.692819 -0.005593 0.005448 0.034258 0.999383
100.3997 -36.401007 -2.173290 -0.674531 -0.005304 0.004447 0.034068 0.999396
100.5037 -35.744498 -2.124205 -0.659905 -0.006479 0.002344 0.033469 0.999416
100.6077 -35.093244 -2.075688 -0.641842 -0.007893 0.001402 0.033304 0.999413
100.7116 -34.445856 -2.029637 -0.622869 -0.008317 0.001192 0.033122 0.999416
100.8156 -33.801715 -1.985619 -0.604520 -0.008315 0.001199 0.032774 0.999427
100.9196 -33.165211 -1.941351 -0.588987 -0.008368 0.000531 0.032553 0.999435
101.0236 -32.533136 -1.894600 -0.575281 -0.009073 -0.000011 0.032530 0.999430
101.1274 -31.906236 -1.847306 -0.561905 -0.009843 -0.000418 0.032476 0.999424
101.2315 -31.282648 -1.801563 -0.548877 -0.010407 -0.000525 0.032499 0.999417
101.3354 -30.663965 -1.760578 -0.534410 -0.010226 -0.000224 0.032751 0.999411
101.4393 -30.048860 -1.719838 -0.517410 -0.009860 0.000217 0.033056 0.999405
101.5433 -29.439125 -1.677844 -0.494789 -0.009606 0.000342 0.033477 0.999393
101.6472 -28.830365 -1.636431 -0.477090 -0.009260 0.000162 0.034156 0.999374
101.7512 -28.224951 -1.598719 -0.456172 -0.008911 -0.000449 0.034994 0.999348
101.8551 -27.621246 -1.557438 -0.435729 -0.008880 -0.000993 0.035722 0.999322
101.9591 -27.019519 -1.519033 -0.417212 -0.008917 -0.001000 0.036664 0.999287
102.0629 -26.421751 -1.477262 -0.399990 -0.008808 -0.000938 0.037727 0.999249
102.1669 -25.825298 -1.435366 -0.382823 -0.008312 -0.000971 0.038725 0.999215
102.2708 -25.230932 -1.393800 -0.369126 -0.007447 -0.000821 0.039666 0.999185
102.3748 -24.638419 -1.351379 -0.356880 -0.006943 -0.000194 0.040725 0.999146
102.4787 -24.052110 -1.307218 -0.348084 -0.006963 0.000265 0.041616 0.999109
102.5827 -23.468806 -1.259513 -0.338417 -0.007234 0.000742 0.042403 0.999074
102.6866 -22.890499 -1.211463 -0.328954 -0.007549 0.001405 0.043337 0.999031
102.7906 -22.318867 -1.162815 -0.319010 -0.007497 0.001787 0.043980 0.999003
102.8944 -21.757993 -1.115937 -0.310719 -0.007450 0.001876 0.044335 0.998987
102.9985 -21.205531 -1.064303 -0.301414 -0.007646 0.001846 0.044442 0.998981
103.1024 -20.663611 -1.018061 -0.294689 -0.008188 0.001988 0.044122 0.998991
103.2065 -20.133720 -0.972036 -0.286176 -0.008694 0.001890 0.043399 0.999018
103.3103 -19.613733 -0.931695 -0.282534 -0.008884 0.001876 0.042705 0.999046
103.4143 -19.105655 -0.893249 -0.277144 -0.008604 0.001854 0.042077 0.999076
103.5183 -18.610249 -0.856578 -0.273789 -0.008558 0.001729 0.041345 0.999107
103.6223 -18.126666 -0.820500 -0.268914 -0.008601 0.001296 0.040531 0.999140
103.7263 -17.652204 -0.784938 -0.265313 -0.008735 0.001120 0.039966 0.999162
103.8303 -17.191514 -0.747530 -0.256792 -0.008817 0.001139 0.039385 0.999185
103.9343 -16.739762 -0.710093 -0.248055 -0.009047 0.001120 0.038777 0.999206
104.0384 -16.302687 -0.675337 -0.237551 -0.008941 0.001342 0.038204 0.999229
104.1423 -15.881639 -0.642810 -0.227500 -0.008617 0.001522 0.037715 0.999250
104.2510 -15.460908 -0.607877 -0.217562 -0.008306 0.001986 0.037156 0.999273
104.3506 -15.091124 -0.575783 -0.209153 -0.008799 0.002636 0.036666 0.999285
104.4552 -14.722926 -0.543182 -0.200988 -0.009507 0.003016 0.036178 0.999296
104.5582 -14.381604 -0.515014 -0.193358 -0.009803 0.002952 0.035699 0.999310
104.6622 -14.061272 -0.490950 -0.180421 -0.009206 0.002704 0.035337 0.999329
104.7662 -13.757450 -0.469977 -0.170525 -0.008774 0.002290 0.035038 0.999345
104.8702 -13.471370 -0.448441 -0.160063 -0.008493 0.002023 0.034686 0.999360
104.9742 -13.196307 -0.428283 -0.151187 -0.008756 0.001739 0.034394 0.999368
105.0786 -12.927688 -0.411827 -0.143634 -0.008745 0.001265 0.034154 0.999378
105.1819 -12.667559 -0.396507 -0.137168 -0.008479 0.000327 0.033988 0.999386
105.2860 -12.408671 -0.384110 -0.131627 -0.008242 -0.000605 0.033785 0.999395
105.3900 -12.150889 -0.370479 -0.125950 -0.008223 -0.000795 0.033645 0.999400
105.4940 -11.894598 -0.360896 -0.120677 -0.008218 -0.000522 0.033598 0.999401
105.5979 -11.641393 -0.353314 -0.114938 -0.007904 -0.000257 0.033535 0.999406
105.7018 -11.389000 -0.339798 -0.109821 -0.007631 -0.000122 0.033472 0.999411
105.8057 -11.138195 -0.325036 -0.103519 -0.007427 0.000057 0.033458 0.999413
105.9097 -10.891432 -0.309315 -0.098153 -0.007580 0.000080 0.033541 0.999409
106.0137 -10.643069 -0.294251 -0.096252 -0.007404 0.000120 0.033584 0.999408
106.1176 -10.396403 -0.278690 -0.090616 -0.006933 0.000052 0.034052 0.999396
106.2215 -10.150526 -0.263404 -0.084832 -0.006235 0.000173 0.035429 0.999353
106.3255 -9.906189 -0.245015 -0.078525 -0.006102 0.000170 0.037651 0.999272
106.4293 -9.663371 -0.226864 -0.074436 -0.006318 0.000225 0.040690 0.999152
106.5332 -9.422816 -0.208020 -0.070606 -0.006455 0.000026 0.044474 0.998990
106.6377 -9.181763 -0.186670 -0.067386 -0.007107 0.000033 0.048289 0.998808
106.7410 -8.945979 -0.161187 -0.062037 -0.008159 0.000010 0.051157 0.998657
106.8450 -8.711908 -0.136394 -0.054310 -0.008881 -0.000169 0.053506 0.998528
106.9494 -8.475076 -0.112467 -0.049813 -0.008397 -0.000297 0.055962 0.998398
107.0529 -8.240964 -0.087582 -0.046723 -0.007812 -0.000317 0.058461 0.998259
107.1568 -8.007329 -0.058257 -0.044201 -0.008307 -0.000397 0.060478 0.998135
107.2607 -7.777035 -0.023431 -0.040481 -0.009615 -0.000556 0.061635 0.998052
107.3647 -7.548816 0.012864 -0.033722 -0.010754 -0.000741 0.061917 0.998023
107.4688 -7.320518 0.042353 -0.028696 -0.010776 -0.000879 0.061548 0.998046
107.5728 -7.093370 0.069563 -0.024901 -0.010543 -0.000806 0.060887 0.998089
107.6768 -6.867123 0.094976 -0.020216 -0.010142 -0.000670 0.060030 0.998145
107.7809 -6.638007 0.123826 -0.011133 -0.010241 -0.000463 0.058908 0.998211
107.8850 -6.412681 0.152337 -0.002419 -0.010169 -0.000380 0.057652 0.998285
107.9890 -6.189128 0.180919 0.007255 -0.010023 -0.000711 0.056414 0.998357
108.0930 -5.966405 0.207724 0.016178 -0.009928 -0.000777 0.055065 0.998433
108.1971 -5.743066 0.233419 0.025310 -0.010038 -0.000686 0.053472 0.998519
108.3011 -5.520329 0.255961 0.033441 -0.009897 -0.000654 0.051560 0.998621
108.4051 -5.297271 0.275526 0.039479 -0.009875 -0.000658 0.049471 0.998727
108.5091 -5.070477 0.294531 0.044579 -0.009812 -0.001055 0.047486 0.998823
108.6130 -4.835695 0.313365 0.049920 -0.009752 -0.001999 0.045433 0.998918
108.7170 -4.589023 0.328748 0.052747 -0.009445 -0.002753 0.043168 0.999019
108.8210 -4.330406 0.345271 0.056468 -0.009278 -0.002930 0.040880 0.999117
108.9250 -4.060093 0.360061 0.059282 -0.009034 -0.002754 0.038465 0.999215
109.0288 -3.778760 0.374775 0.063814 -0.008615 -0.002649 0.036046 0.999309
109.1328 -3.485903 0.385558 0.069546 -0.007668 -0.002208 0.033558 0.999405
109.2368 -3.184408 0.398876 0.076152 -0.006795 -0.001471 0.030918 0.999498
109.3407 -2.875552 0.415746 0.081437 -0.006265 -0.000793 0.028491 0.999574
109.4447 -2.558805 0.430010 0.086118 -0.005834 -0.000490 0.026147 0.999641
109.5486 -2.234233 0.441769 0.088107 -0.005884 -0.000136 0.024017 0.999694
109.6526 -1.899983 0.453427 0.091854 -0.005910 0.000344 0.021895 0.999743
109.7565 -1.559265 0.464603 0.097446 -0.005425 0.000872 0.019811 0.999789
109.8605 -1.209888 0.473074 0.103334 -0.004592 0.001075 0.018053 0.999826
109.9644 -0.853824 0.478246 0.107141 -0.003323 0.000233 0.016774 0.999854
110.0682 -0.488547 0.486020 0.111065 -0.002646 -0.000916 0.015993 0.999868
110.1721 -0.112476 0.498340 0.114646 -0.003277 -0.002058 0.015306 0.999875
110.2760 0.274796 0.514306 0.117591 -0.004961 -0.002084 0.014037 0.999887
110.3800 0.676113 0.509862 0.107936 -0.007478 -0.001561 0.011366 0.999906
110.4840 1.085543 0.477402 0.089010 -0.006505 -0.001094 0.007429 0.999951
110.5878 1.489051 0.442478 0.083656 -0.002288 -0.000974 0.003512 0.999991
110.6917 1.887436 0.400209 0.080900 0.002079 -0.002173 0.001687 0.999994
110.7956 2.278467 0.382938 0.086449 0.003943 -0.003832 0.003195 0.999980
110.8992 2.666014 0.381145 0.086913 0.002127 -0.004883 0.008791 0.999947
111.0029 3.047113 0.397878 0.086179 -0.000444 -0.006742 0.017072 0.999831
111.1066 3.424735 0.422184 0.086066 -0.004190 -0.008538 0.025803 0.999622
111.2102 3.799178 0.446618 0.089624 -0.004574 -0.009483 0.035263 0.999323
111.3140 4.171792 0.471813 0.097388 -0.002627 -0.009339 0.046815 0.998856
111.4177 4.543109 0.514333 0.110144 -0.002756 -0.006181 0.058841 0.998244
111.5213 4.907512 0.578472 0.124352 -0.005578 -0.002834 0.071493 0.997421
111.6251 5.262068 0.651337 0.133299 -0.008160 -0.001003 0.084624 0.996379
111.7287 5.608840 0.729929 0.140410 -0.009445 -0.000118 0.097631 0.995178
111.8325 5.952949 0.809413 0.145998 -0.009900 0.001578 0.109729 0.993911
111.9364 6.294422 0.895564 0.151347 -0.009457 0.003124 0.120319 0.992685
112.0402 6.629472 0.996027 0.157262 -0.011757 0.004698 0.127376 0.991774
112.1442 6.961660 1.100191 0.163795 -0.015304 0.006131 0.131531 0.991175
112.2483 7.292216 1.195575 0.164701 -0.017480 0.007322 0.132597 0.990989
112.3525 7.619449 1.282989 0.165165 -0.018252 0.007240 0.130341 0.991275
112.4567 7.944864 1.358596 0.166458 -0.017125 0.007271 0.126442 0.991800
112.5610 8.249451 1.417818 0.168499 -0.014272 0.009222 0.122355 0.992341
112.6651 8.520319 1.469353 0.166958 -0.012753 0.010395 0.117580 0.992927
112.7692 8.749637 1.520247 0.168515 -0.013505 0.011125 0.112439 0.993505
112.8733 8.944328 1.559288 0.172402 -0.013971 0.011170 0.107532 0.994041
112.9775 9.103072 1.587453 0.174756 -0.013795 0.010472 0.102692 0.994562
113.0816 9.228034 1.605093 0.174535 -0.012467 0.009990 0.098778 0.994981
113.1857 9.320017 1.619329 0.174022 -0.011556 0.009508 0.096140 0.995255
113.2897 9.375870 1.631834 0.173981 -0.011784 0.009041 0.094192 0.995443
113.3937 9.400179 1.641025 0.173646 -0.012204 0.008248 0.093281 0.995531
113.4977 9.399520 1.641811 0.173737 -0.012137 0.008037 0.093402 0.995522
113.6017 9.381472 1.642520 0.176447 -0.012384 0.006872 0.093603 0.995509
113.7057 9.372889 1.643287 0.180083 -0.012465 0.004399 0.093425 0.995539
113.8097 9.370051 1.645876 0.180749 -0.012273 0.002906 0.093582 0.995532
113.9136 9.366377 1.646628 0.177852 -0.012118 0.003160 0.093580 0.995533
114.0176 9.363526 1.648671 0.175068 -0.012086 0.003568 0.093459 0.995543
114.1216 9.365045 1.649009 0.175253 -0.012095 0.003805 0.093630 0.995526
114.2256 9.364315 1.649272 0.174696 -0.012292 0.004141 0.093562 0.995529
114.3296 9.361477 1.649076 0.173251 -0.012321 0.004083 0.093575 0.995528
