0.000000 -0.000144435 0.000150176 -0.000121456 -0.000000000 -0.000000000 0.000000001 1.000000000
0.207865 0.171529382 0.006676632 0.003603035 -0.000764170 0.000118619 0.006130334 0.999980927
0.415698 0.369006157 0.018034527 0.011269101 -0.001411560 -0.000628374 0.013946547 0.999901533
0.519544 0.482350081 0.025515296 0.015096250 -0.001495332 -0.001092463 0.019084390 0.999816239
0.623367 0.609879375 0.036188766 0.017782304 -0.001606922 -0.001374285 0.025554281 0.999671161
0.727167 0.752659738 0.050528411 0.019695235 -0.001532202 -0.001557830 0.033400558 0.999439657
0.830923 0.899161279 0.065921374 0.019615099 -0.000876819 -0.001597003 0.042543855 0.999092996
0.934649 1.056648493 0.083636515 0.025205243 -0.000484449 -0.001569740 0.052355792 0.998627126
1.038394 1.220893979 0.112069182 0.032256518 -0.000755889 -0.001756857 0.063285545 0.997993708
1.142145 1.390805483 0.153923795 0.044250805 -0.002221026 -0.002285233 0.075172119 0.997165442
1.245876 1.566236019 0.203168601 0.054218721 -0.003674023 -0.003089430 0.087854221 0.996121764
1.349604 1.749695539 0.259489328 0.062153306 -0.004981183 -0.003812060 0.101348430 0.994831204
1.453327 1.935965538 0.323117018 0.068286978 -0.005540678 -0.003930136 0.116210237 0.993201435
1.557036 2.123054266 0.396254599 0.074679695 -0.006338903 -0.003996755 0.131791398 0.991249144
1.660714 2.313940048 0.477127641 0.079300322 -0.007072773 -0.003948060 0.148007080 0.988953114
1.764386 2.507342577 0.571296692 0.087252676 -0.007989207 -0.003803766 0.165356517 0.986194134
1.868064 2.700073719 0.674124777 0.092665546 -0.009042563 -0.004007102 0.182934195 0.983075440
1.971767 2.897262335 0.787718475 0.096313275 -0.010094865 -0.004338529 0.200477898 0.979636669
2.075471 3.094457626 0.904808640 0.095189534 -0.010363459 -0.004395158 0.218779474 0.975709379
2.179151 3.292081356 1.027106285 0.092173174 -0.008800621 -0.004569286 0.238320112 0.971135974
2.282830 3.495945692 1.159837842 0.096662633 -0.007170924 -0.004701179 0.258881539 0.965871096
2.386484 3.695560694 1.316253185 0.105413131 -0.007380395 -0.004172543 0.280988455 0.959673703
2.490088 3.886779070 1.495581150 0.114611030 -0.009575102 -0.003424673 0.304619223 0.952419877
2.593698 4.069647312 1.689283848 0.121436514 -0.010948086 -0.003344017 0.329456329 0.944101393
2.697330 4.249816895 1.891907215 0.119988583 -0.010925786 -0.003640848 0.355159223 0.934734821
2.800962 4.431957245 2.107074738 0.118973672 -0.008950952 -0.003201330 0.381532162 0.924306631
2.904619 4.605664253 2.336890459 0.122198693 -0.007520975 -0.002482221 0.408079714 0.912911952
3.008294 4.774691582 2.588392973 0.125376895 -0.006939549 -0.001832736 0.434225023 0.900775790
3.111994 4.934803486 2.861279249 0.126462966 -0.006695315 -0.000800287 0.460857451 0.887448549
3.215722 5.077132225 3.151155949 0.128184691 -0.006610724 -0.000188523 0.487546653 0.873071969
3.319427 5.209046841 3.458698511 0.127473384 -0.006795791 0.000304645 0.513846099 0.857855380
3.423129 5.326588154 3.784483671 0.126792267 -0.007174386 0.001014364 0.539573669 0.841907263
3.526877 5.422796249 4.130856991 0.127850085 -0.007635065 0.001576958 0.564741075 0.825231314
3.630653 5.514246464 4.493976593 0.126598120 -0.008197229 0.002707714 0.588806510 0.808227956
3.734453 5.590459347 4.874047756 0.125847116 -0.007850858 0.004466935 0.611530006 0.791169584
3.838294 5.649061203 5.265682697 0.130777642 -0.007277873 0.005347831 0.632529080 0.774483979
3.942202 5.679688931 5.671842098 0.136509746 -0.007961565 0.005071794 0.651449740 0.758633018
4.046198 5.696520805 6.094528675 0.131092384 -0.008582224 0.004384513 0.668199956 0.743919313
4.150271 5.706467628 6.533554077 0.124444172 -0.008627471 0.003581645 0.682786882 0.730557919
4.254383 5.706676960 6.986589909 0.121815383 -0.007791207 0.002910797 0.695604265 0.718376994
4.358523 5.697959423 7.452670097 0.121800713 -0.006890479 0.002367145 0.707145810 0.707030177
4.462729 5.674499512 7.927629471 0.122491196 -0.006526200 0.001550386 0.717056096 0.696983278
4.567001 5.640711308 8.416847229 0.122030765 -0.006121573 0.000747150 0.724774659 0.688958347
4.671304 5.600043297 8.928956032 0.116047524 -0.005938634 0.000295032 0.730619788 0.682758570
4.775631 5.548892975 9.461199760 0.111470640 -0.006344515 0.000270544 0.735233426 0.677784204
4.879982 5.490787506 10.015198708 0.110532880 -0.007205553 -0.000012734 0.738761604 0.673928201
5.088683 5.361419201 11.175009727 0.110109001 -0.008626726 -0.000101766 0.742851436 0.669400811
5.297313 5.234612942 12.411990166 0.105634883 -0.008512538 0.000987998 0.743245542 0.668963850
5.505919 5.096976757 13.707028389 0.115897454 -0.008621535 0.001977370 0.742270172 0.670042217
5.714403 4.965907097 15.066686630 0.138706475 -0.006647561 0.001898567 0.741280913 0.671159267
5.922768 4.838016033 16.466739655 0.161449790 -0.006683680 0.005828390 0.740424335 0.672081351
6.131088 4.697611332 17.902708054 0.179770768 -0.005433566 0.007655165 0.739678741 0.672894597
6.339334 4.555364609 19.387321472 0.198876426 -0.003327029 0.008125115 0.738767684 0.673902988
6.547483 4.420566082 20.938634872 0.212795720 -0.001973975 0.011917539 0.737833321 0.674874842
6.755584 4.284964561 22.524282455 0.231756628 -0.000152447 0.012232969 0.736828625 0.675968945
6.963612 4.150738716 24.132699966 0.251991451 0.005563057 0.009992363 0.736520767 0.676318288
7.171594 4.004495144 25.808446884 0.260664016 0.003639498 0.011566132 0.736462593 0.676369607
7.379553 3.855284214 27.514078140 0.252425998 0.000137071 0.014790108 0.736539960 0.676232338
7.587487 3.703688145 29.191179276 0.246830836 0.000367797 0.013182765 0.737170100 0.675578356
7.795395 3.544762850 30.868402481 0.242732763 0.000136590 0.011750202 0.737806916 0.674909532
8.003307 3.383064508 32.542434692 0.236201018 -0.000103922 0.010680824 0.738455176 0.674217939
8.211240 3.215685129 34.195358276 0.246803418 0.002047458 0.006712073 0.738804817 0.673882961
8.419219 3.048238277 35.874946594 0.265222996 0.001431397 0.006991190 0.738954663 0.673717380
8.627129 2.883277893 37.565280914 0.288200378 -0.002602320 0.008326408 0.739205658 0.673423171
8.835037 2.721405745 39.254821777 0.306226134 -0.003577725 0.008580912 0.739543557 0.673044562
9.042996 2.557917118 40.902347565 0.344429106 -0.000583537 0.006270347 0.739896357 0.672691405
9.250929 2.382634878 42.558944702 0.386869907 0.001100936 0.004752488 0.740156233 0.672417223
9.458815 2.223093271 44.200412750 0.423671365 0.005606076 0.005330106 0.740719795 0.671769619
9.666699 2.059885263 45.845840454 0.465818703 0.008101949 0.007765310 0.741542161 0.670812547
9.874586 1.893978834 47.486900330 0.485746771 0.006500963 0.011255644 0.742493570 0.669727027
10.082422 1.719773054 49.116474152 0.509743452 0.007069837 0.008714151 0.743206799 0.668967605
10.290393 1.527704477 50.720485687 0.532925248 0.006702293 0.004405837 0.743789017 0.668366194
10.498144 1.341741323 52.313877106 0.543264747 0.004740542 0.002497257 0.744319677 0.667801917
10.705983 1.154325128 53.876209259 0.562098444 0.003210899 -0.000598338 0.744840682 0.667234421
10.913846 0.972058892 55.435459137 0.576650083 0.001445212 -0.001043225 0.745406628 0.666607797
11.121730 0.779667854 56.991359711 0.588002682 -0.001390933 -0.001023248 0.745911181 0.666043162
11.329592 0.601126432 58.512218475 0.613996387 -0.001206545 -0.002525420 0.746237457 0.665673912
11.537503 0.421894103 59.987468719 0.655023038 0.000341221 -0.005445456 0.746338427 0.665544212
11.745459 0.241974339 61.419208527 0.710130632 0.001014106 -0.006784501 0.745309472 0.666683376
11.953560 0.087051421 62.780952454 0.760525048 0.001501084 -0.005649640 0.742238760 0.670110106
12.161711 -0.040778663 64.074020386 0.821045578 0.001596729 -0.003986258 0.737218261 0.675640941
12.265846 -0.096588448 64.688079834 0.847126544 0.000888103 -0.003829060 0.733654439 0.679511368
12.370005 -0.140022039 65.286163330 0.870301604 -0.000112936 -0.004036835 0.728915036 0.684592247
12.474186 -0.172300145 65.864257812 0.886952877 -0.000663601 -0.003911519 0.722984612 0.690852702
12.578414 -0.188662276 66.421455383 0.902358949 -0.000944160 -0.003835114 0.715612531 0.698486328
12.682692 -0.186489388 66.957122803 0.917127013 -0.000621141 -0.003398229 0.707026005 0.707179070
12.787022 -0.165923774 67.468383789 0.931094944 0.000434086 -0.002603394 0.697028100 0.717038989
12.891396 -0.126520649 67.956863403 0.944026530 0.001272540 -0.001868913 0.685145020 0.728403091
12.995796 -0.067982569 68.428527832 0.952307343 0.002161514 -0.001039307 0.671778262 0.740748405
13.100218 0.006277806 68.882286072 0.965281010 0.002839275 -0.000648770 0.657039821 0.753850222
13.204665 0.100078516 69.330444336 0.975495100 0.003308897 0.000335069 0.640192032 0.768207729
13.309113 0.221203625 69.760581970 0.982373416 0.004693348 0.001593523 0.621744871 0.783204198
13.413557 0.369499862 70.175025940 0.991399527 0.007966096 0.003327775 0.601903558 0.798522174
13.517981 0.539889574 70.575721741 1.002313375 0.010931376 0.004179697 0.580731511 0.814011037
13.622381 0.732702613 70.967468262 1.008176684 0.013729883 0.005258298 0.558197021 0.829578102
13.726757 0.938245177 71.350273132 1.015054107 0.014169469 0.006302413 0.534862280 0.844796896
13.831081 1.165579081 71.716613770 1.010972023 0.014939643 0.007222532 0.511893570 0.858888507
13.935359 1.413902879 72.071891785 1.001752496 0.016550262 0.009027940 0.489153504 0.871993959
14.039614 1.686468959 72.399932861 0.998768032 0.019218626 0.011203738 0.466032237 0.884488046
14.143870 1.965526819 72.713127136 1.012101650 0.020400234 0.011550233 0.442247033 0.896586895
14.248126 2.249871254 73.015113831 1.017847419 0.020643627 0.009338303 0.417650133 0.908325374
14.352383 2.549040556 73.307403564 1.023730397 0.020956367 0.005597083 0.391840577 0.919777274
14.456636 2.876827478 73.589630127 1.027888298 0.020931423 0.002186769 0.364997327 0.930770576
14.560888 3.236728430 73.863891602 1.028306961 0.020759739 0.000779314 0.337776840 0.940996826
14.665119 3.627931833 74.122810364 1.029918671 0.020754782 0.000602630 0.310292363 0.950414419
14.769304 4.048987865 74.374862671 1.038436532 0.020209804 0.000187593 0.282978356 0.958913386
14.873417 4.511174202 74.618118286 1.051320314 0.019426353 0.001090860 0.257257670 0.966146946
14.977429 4.998035431 74.853889465 1.062203646 0.018442383 0.001560637 0.233687922 0.972135544
15.081372 5.511009693 75.084037781 1.067631245 0.016915143 0.001222459 0.211899668 0.977144241
15.185246 6.051299095 75.300704956 1.071951866 0.015291942 0.001714482 0.192732066 0.981130779
15.288994 6.611467838 75.504966736 1.074099183 0.014642452 0.002591989 0.176647320 0.984161854
15.392696 7.188028336 75.692016602 1.079804301 0.014604436 0.003477428 0.163838223 0.986372948
15.496400 7.784393787 75.873275757 1.085123897 0.014813532 0.004401415 0.153074518 0.988093793
15.600079 8.391380310 76.054420471 1.088354230 0.014567708 0.005405726 0.143808573 0.989483476
15.703780 9.017183304 76.234580994 1.093013287 0.013197287 0.006184430 0.136311054 0.990558863
15.807484 9.648139000 76.412200928 1.092978239 0.012382656 0.006345705 0.129847482 0.991436362
15.911186 10.285464287 76.578620911 1.099206924 0.011813582 0.006424147 0.123508632 0.992252409
16.014914 10.940220833 76.741592407 1.111638308 0.011457086 0.006375359 0.116943255 0.993052006
16.118687 11.609150887 76.899620056 1.118694305 0.010997958 0.006630247 0.109890476 0.993860722
16.222485 12.295854568 77.049659729 1.125335932 0.010976810 0.006913374 0.103199750 0.994576037
16.326260 12.997846603 77.195098877 1.133259416 0.010995761 0.005974474 0.096810468 0.995224118
16.430058 13.712907791 77.335876465 1.142345071 0.011040928 0.003987145 0.091070242 0.995775282
16.637632 15.178366661 77.600242615 1.163551211 0.010374494 0.001067406 0.082479976 0.996538162
16.845158 16.700996399 77.861343384 1.177364945 0.008211123 0.005808892 0.077613473 0.996932805
17.052683 18.226938248 78.105346680 1.190723300 0.007441774 0.007136434 0.074984446 0.997131407
17.260290 19.759616852 78.337394714 1.199528575 0.007651452 0.006855737 0.073488548 0.997243226
17.467880 21.309125900 78.575622559 1.203068376 0.007965798 0.007711313 0.072926112 0.997275770
17.675501 22.849014282 78.815139771 1.219453573 0.009267217 0.003357645 0.072132677 0.997346342
17.883146 24.364597321 79.052261353 1.243997216 0.010405212 -0.002689757 0.071456328 0.997385859
18.090866 25.887952805 79.284515381 1.266714096 0.010267264 -0.001558740 0.069989413 0.997493684
18.298555 27.401456833 79.509460449 1.274667978 0.010086421 0.000488271 0.068568617 0.997595370
18.506226 28.915077209 79.721244812 1.293401361 0.010719861 -0.000012826 0.068229660 0.997612059
18.713942 30.428333282 79.931961060 1.311281800 0.011486833 -0.001318901 0.067738950 0.997636020
18.921684 31.949024200 80.145851135 1.328609109 0.010733967 -0.001384951 0.067102253 0.997687399
19.129379 33.486091614 80.359336853 1.344260216 0.008403280 -0.002037048 0.067527860 0.997679949
19.337046 35.031715393 80.575935364 1.366028786 0.006866641 -0.002249698 0.069520935 0.997554362
19.544693 36.616653442 80.816574097 1.395480514 0.003111454 -0.004670246 0.071847133 0.997399926
19.752386 38.239559174 81.053878784 1.430761814 0.001458248 -0.007353655 0.073437952 0.997271657
19.960108 39.921104431 81.298309326 1.468600869 0.000085957 -0.006969818 0.074743070 0.997178435
20.167917 41.599262238 81.554527283 1.518334508 0.000715816 -0.005723106 0.075621344 0.997119963
20.375708 43.282142639 81.816864014 1.568703890 0.000781148 -0.002914767 0.075347848 0.997152686
20.583548 44.974529266 82.082283020 1.618264318 -0.000894459 -0.003272064 0.073378272 0.997298360
20.791384 46.696426392 82.335746765 1.667779684 0.001596581 -0.005058452 0.071449466 0.997430146
20.999199 48.423465729 82.590065002 1.715315580 0.002028092 -0.005093205 0.069540367 0.997564137
21.206985 50.156887054 82.831398010 1.770483017 0.002181222 -0.004306524 0.068456352 0.997642338
21.414799 51.865207672 83.083648682 1.836934566 -0.000603977 -0.008299832 0.067106768 0.997711062
21.622660 53.563747406 83.334671021 1.917584538 -0.004307186 -0.014107971 0.066042401 0.997707725
21.830523 55.279319763 83.575279236 1.995655894 -0.004883364 -0.014088992 0.065010846 0.997773170
22.038383 57.013538361 83.811126709 2.058603525 -0.002391560 -0.007110186 0.065708555 0.997810662
22.246195 58.701503754 84.044372559 2.120822430 0.000736989 -0.008343189 0.068132199 0.997641146
22.454035 60.366863251 84.286544800 2.178089857 0.001661644 -0.010351969 0.070336044 0.997468293
22.661825 62.003826141 84.535766602 2.245381832 0.000982416 -0.013556190 0.073548898 0.997198939
22.869686 63.631099701 84.801902771 2.329613209 -0.002190423 -0.015856925 0.076632544 0.996930838
23.077547 65.248214722 85.079269409 2.410871744 -0.007080401 -0.013859883 0.080013610 0.996672273
23.285360 66.838600159 85.354118347 2.482530594 -0.008346910 -0.010241882 0.084331699 0.996350229
23.493176 68.410530090 85.635360718 2.541592598 -0.008413040 -0.008706828 0.090047002 0.995863974
23.701012 69.956581116 85.935340881 2.610885620 -0.009593903 -0.009150486 0.095720366 0.995319963
23.908899 71.488288879 86.250984192 2.677197218 -0.010878810 -0.011942571 0.100858137 0.994769633
24.116783 73.021018982 86.595672607 2.745715857 -0.012810908 -0.011523375 0.105301082 0.994291127
24.324669 74.551239014 86.942268372 2.814902544 -0.014857199 -0.008887979 0.110393167 0.993737221
24.532507 76.043907166 87.298690796 2.891168118 -0.014812564 -0.013084779 0.118040897 0.992812097
24.740284 77.532913208 87.683517456 2.962076426 -0.016364086 -0.014419599 0.127654508 0.991578877
24.844141 78.279266357 87.888656616 2.990320444 -0.016836781 -0.012276641 0.133182287 0.990872443
24.948013 79.019264221 88.104866028 3.007968903 -0.017816927 -0.009395602 0.138784185 0.990117788
25.051888 79.750762939 88.327423096 3.036542416 -0.017828945 -0.007414803 0.144056141 0.989381135
25.155756 80.458465576 88.554733276 3.067340136 -0.018445835 -0.008470703 0.149531081 0.988548636
25.259626 81.151298523 88.784477234 3.098991394 -0.018445160 -0.012229524 0.154934347 0.987676919
25.363497 81.848228455 89.023773193 3.125618696 -0.018685559 -0.015089594 0.160264418 0.986781895
25.467394 82.551239014 89.270980835 3.143514395 -0.019618319 -0.014228091 0.165845901 0.985853851
25.571289 83.246269226 89.523872375 3.166679859 -0.021441422 -0.011750011 0.171401978 0.984897733
25.675158 83.949806213 89.783950806 3.189986944 -0.023115065 -0.009632932 0.176904276 0.983909428
25.779028 84.649108887 90.051078796 3.224511147 -0.023239121 -0.009946868 0.182958573 0.982795537
25.882919 85.343200684 90.326629639 3.254288912 -0.022305135 -0.011549046 0.188898042 0.981675446
26.090805 86.725608826 90.900482178 3.322456598 -0.018209308 -0.016129255 0.197550029 0.979990959
26.298706 88.115486145 91.512100220 3.388280153 -0.018580375 -0.017456975 0.204992607 0.978431344
26.506531 89.495697021 92.146965027 3.447774172 -0.020357661 -0.014661537 0.212691262 0.976797283
26.714443 90.895591736 92.819206238 3.498440266 -0.023696743 -0.008682464 0.218654960 0.975475788
26.922377 92.267097473 93.511383057 3.534538507 -0.025565181 -0.013381852 0.224525779 0.974040806
27.130308 93.646652222 94.203292847 3.590248108 -0.024455568 -0.017758260 0.229543433 0.972829044
27.338219 95.041572571 94.939361572 3.639210939 -0.028698813 -0.015472775 0.234056517 0.971676171
27.546125 96.409545898 95.668067932 3.702510357 -0.027240859 -0.017728049 0.239538133 0.970342815
27.753990 97.787406921 96.419326782 3.757184029 -0.026898641 -0.021872178 0.244957045 0.968913913
27.961870 99.161087036 97.187675476 3.817790747 -0.028684665 -0.020285245 0.249718413 0.967680991
28.169710 100.520812988 97.960609436 3.885244131 -0.028865017 -0.020450788 0.255000681 0.966293573
28.377613 101.850189209 98.726875305 3.948843718 -0.028126946 -0.020424919 0.259615868 0.965086102
28.585434 103.162048340 99.511337280 4.014047146 -0.028510718 -0.020580906 0.264270633 0.963807285
28.793280 104.435707092 100.288619995 4.086661339 -0.027928956 -0.024136752 0.269069016 0.962413192
29.001158 105.690551758 101.075744629 4.156035900 -0.029097814 -0.025157245 0.273055553 0.961228967
29.209042 106.927665710 101.868667603 4.209780216 -0.032267090 -0.019056935 0.276309818 0.960337758
29.416880 108.131057739 102.640686035 4.262847424 -0.030565362 -0.016293539 0.280402035 0.959257483
29.624718 109.277313232 103.406219482 4.323630333 -0.029047839 -0.018435376 0.284271538 0.958126366
29.832554 110.373916626 104.136131287 4.381021976 -0.028129619 -0.019155838 0.287374377 0.957213521
30.040394 111.399353027 104.827003479 4.432691574 -0.028763920 -0.018398369 0.289892107 0.956450045
30.248207 112.346809387 105.469131470 4.477831364 -0.028094120 -0.017836891 0.292469412 0.955695689
30.455996 113.203094482 106.064720154 4.532130241 -0.028210429 -0.019446909 0.295002043 0.954882026
30.767609 114.364654541 106.872528076 4.594974518 -0.025226656 -0.021172881 0.301022559 0.953048110
30.975298 115.052619934 107.378753662 4.629167080 -0.026191615 -0.020305458 0.307181954 0.951073527
31.182968 115.664154053 107.847579956 4.645348549 -0.030154645 -0.017275570 0.313508719 0.948949158
31.390600 116.214942932 108.269523621 4.664388657 -0.030388825 -0.014876828 0.321497798 0.946305633
31.494368 116.470695496 108.464401245 4.677913666 -0.029513555 -0.014164335 0.326417595 0.944658518
31.598095 116.710937500 108.649665833 4.686185360 -0.028639365 -0.013326501 0.332486540 0.942578852
31.701796 116.934844971 108.829925537 4.695520401 -0.028661124 -0.012789937 0.339568824 0.940057456
31.805498 117.137191772 109.010284424 4.702359676 -0.029265273 -0.012909056 0.347863942 0.936999202
31.909178 117.326293945 109.185348511 4.715385914 -0.029486002 -0.013603167 0.357331127 0.933413088
32.012859 117.506385803 109.357635498 4.730562687 -0.029520575 -0.015127177 0.367162228 0.929565251
32.116562 117.666351318 109.520957947 4.745785713 -0.029203160 -0.016703714 0.377230048 0.925508320
32.220287 117.812721252 109.692031860 4.755465984 -0.030112494 -0.018687429 0.387140572 0.921339393
32.324036 117.958709717 109.869552612 4.762885094 -0.032798659 -0.020710714 0.397024333 0.916987956
32.427788 118.103393555 110.048202515 4.757088661 -0.034284834 -0.021257678 0.407400787 0.912358105
32.531517 118.249664307 110.221099854 4.755293846 -0.033795565 -0.020504849 0.418497980 0.907357097
32.635220 118.390876770 110.396545410 4.755573273 -0.033231813 -0.019529413 0.430182815 0.901918530
32.738895 118.512832642 110.575897217 4.762734890 -0.033827163 -0.018597586 0.442577899 0.895898759
32.842602 118.624794006 110.760139465 4.760314465 -0.035979781 -0.017794460 0.455502838 0.889328957
32.946327 118.724868774 110.949447632 4.757091999 -0.037793968 -0.016849272 0.468834728 0.882316113
33.050030 118.818328857 111.135673523 4.754139900 -0.039374553 -0.015986150 0.482047886 0.875113666
33.153755 118.904396057 111.328552246 4.756308079 -0.041282196 -0.015708407 0.495412946 0.867533863
33.257504 118.981544495 111.524559021 4.754306316 -0.043434892 -0.015169671 0.508576214 0.859786868
33.361252 119.052192688 111.719116211 4.751284599 -0.045294728 -0.014592635 0.522130191 0.851537108
33.465004 119.124633789 111.914649963 4.753458977 -0.045462877 -0.013863882 0.536155164 0.842780352
33.568737 119.192817688 112.120185852 4.761346817 -0.045339655 -0.014193187 0.550750911 0.833316565
33.672413 119.263214111 112.343002319 4.762338638 -0.044746161 -0.014731053 0.566035748 0.823033631
33.776043 119.332427979 112.589073181 4.757284164 -0.044222701 -0.015076862 0.582442760 0.811527848
33.879696 119.392959595 112.847251892 4.750376701 -0.044117957 -0.014586145 0.599701107 0.798873901
33.983376 119.445373535 113.129257202 4.743365765 -0.043761361 -0.014018331 0.617288947 0.785393417
34.087055 119.489692688 113.427314758 4.734995842 -0.043292470 -0.013693407 0.635648191 0.770642340
34.190735 119.520256042 113.745475769 4.725228786 -0.042868778 -0.013445170 0.654399157 0.754813373
34.294415 119.533531189 114.077774048 4.712284565 -0.042738814 -0.012704354 0.673194945 0.738119602
34.398094 119.528869629 114.422531128 4.696137428 -0.043189012 -0.011387050 0.692111552 0.720407248
34.501797 119.513237000 114.770973206 4.679169655 -0.043344460 -0.009248735 0.710907519 0.701887608
34.605545 119.473640442 115.129890442 4.662932396 -0.043239094 -0.006866449 0.729576111 0.682496786
34.709320 119.410926819 115.503593445 4.642537594 -0.042847522 -0.004674464 0.747753739 0.662575603
34.813095 119.325096130 115.880851746 4.623793602 -0.042753682 -0.002413850 0.765276551 0.642275631
34.916901 119.215461731 116.267539978 4.600392818 -0.042813815 -0.000747683 0.781910777 0.621917903
35.020721 119.083312988 116.667205811 4.573618412 -0.042327885 0.001242321 0.797667503 0.601608872
35.124538 118.928627014 117.076240540 4.544938087 -0.041143879 0.003440665 0.812771738 0.581117451
35.228409 118.743644714 117.497039795 4.517473221 -0.040101755 0.005412142 0.827162683 0.560503721
35.332329 118.536384583 117.917366028 4.489978313 -0.039127551 0.007566659 0.840486169 0.540365458
35.436272 118.300643921 118.346916199 4.458487988 -0.038080622 0.009154428 0.852940977 0.520536005
35.540260 118.035163879 118.783683777 4.427330017 -0.037438560 0.010738526 0.864358902 0.501364768
35.644325 117.740768433 119.227432251 4.395137787 -0.037020594 0.011963306 0.874405921 0.483632654
35.748463 117.422477722 119.677177429 4.362318993 -0.036779203 0.012566948 0.882872105 0.468002230
35.852642 117.078010559 120.133338928 4.327389717 -0.036490660 0.012686543 0.889685690 0.454936028
35.956875 116.715438843 120.606475830 4.291774750 -0.036237497 0.012265200 0.895078421 0.444264680
36.061153 116.333122253 121.084922791 4.251016617 -0.036416940 0.012301378 0.899212599 0.435820252
36.165455 115.937919617 121.571487427 4.209700584 -0.036407184 0.012889203 0.902548075 0.428853452
36.269733 115.521469116 122.067596436 4.167234898 -0.036302812 0.013650616 0.905381441 0.422824174
36.373993 115.089836121 122.574699402 4.123479843 -0.036350984 0.014699167 0.907741487 0.417693466
36.582523 114.179985046 123.601264954 4.032912731 -0.036652528 0.014813071 0.910985887 0.410538644
36.790936 113.217323303 124.670112610 3.932657242 -0.036125012 0.015885558 0.913161635 0.405682772
36.999329 112.204307556 125.781875610 3.821653128 -0.035859440 0.016186520 0.913988233 0.403828621
37.207649 111.147270203 126.939880371 3.704165936 -0.035372883 0.015299086 0.914180636 0.403470397
37.415886 110.049118042 128.150390625 3.582438707 -0.035606414 0.013349084 0.914287806 0.403276324
37.624062 108.899467468 129.402725220 3.448541880 -0.037679099 0.011761517 0.914627254 0.402366549
37.832207 107.724258423 130.681274414 3.320386171 -0.036923371 0.010555172 0.915088713 0.401419938
38.040264 106.511711121 131.998519897 3.185184956 -0.035603739 0.010267505 0.915365219 0.400915921
38.248222 105.263603210 133.347869873 3.062719822 -0.033862598 0.010154288 0.915972531 0.399680644
38.456177 103.976570129 134.734649658 2.952371836 -0.030992817 0.007169106 0.916728675 0.398241967
38.664112 102.634162903 136.153259277 2.840219498 -0.031813756 0.004492310 0.916846752 0.397944301
38.872021 101.273994446 137.594711304 2.736679554 -0.033576656 0.004938195 0.916797221 0.397908598
39.079887 99.914047241 139.047042847 2.627412081 -0.034514412 0.005388197 0.916614056 0.398244113
39.287724 98.544776917 140.495880127 2.515949011 -0.035028763 0.004438349 0.916696191 0.398021877
39.391640 97.860473633 141.223175049 2.457303286 -0.035495009 0.004384344 0.916780710 0.397786289
39.495583 97.170387268 141.951782227 2.395797968 -0.036140159 0.004536554 0.916899443 0.397452682
39.703484 95.793251038 143.397842407 2.279769897 -0.036642965 0.004314628 0.917216063 0.396677881
39.807423 95.103500366 144.121963501 2.221885443 -0.036436077 0.004160787 0.917473495 0.396102875
40.015194 93.727775574 145.561203003 2.111270189 -0.036375031 0.004129410 0.918277264 0.394242018
40.222969 92.349395752 146.989898682 2.004953384 -0.035985179 0.003424007 0.919012785 0.392567009
40.430733 90.961128235 148.409332275 1.895377159 -0.035921436 0.002592900 0.919421732 0.391620338
40.638599 89.574478149 149.824783325 1.789381266 -0.036656439 0.000934345 0.919703543 0.390897483
40.846436 88.208618164 151.232574463 1.692724586 -0.035612334 0.000110007 0.919652760 0.391114473
41.054260 86.857597351 152.632751465 1.595240712 -0.035389680 0.001671689 0.919173360 0.392256528
41.262012 85.511451721 154.045440674 1.478928685 -0.038318839 0.005553749 0.918658495 0.393150687
41.469742 84.167083740 155.443862915 1.370585561 -0.036895432 0.006267563 0.918631136 0.393339932
41.677368 82.818595886 156.847381592 1.268078923 -0.034508832 0.005684197 0.918869734 0.393007964
41.884960 81.470840454 158.247955322 1.164460778 -0.035986967 0.006698012 0.918897748 0.392793924
42.092583 80.133537292 159.633773804 1.068606138 -0.034499340 0.006830659 0.919327259 0.391918927
42.300186 78.787513733 161.019546509 0.970300198 -0.035638798 0.008147316 0.919606566 0.391135752
42.507763 77.449928284 162.388946533 0.864264846 -0.036270466 0.009802083 0.919671297 0.390887588
42.715294 76.119934082 163.755584717 0.754168212 -0.035247862 0.009200780 0.919918656 0.390413165
42.922916 74.774459839 165.126678467 0.647951663 -0.035370924 0.006844234 0.919909358 0.390472591
43.130558 73.441154480 166.487945557 0.540537059 -0.035851043 0.005212442 0.919644952 0.391076326
43.338200 72.136878967 167.838516235 0.431085885 -0.036012162 0.004483175 0.919212043 0.392086953
43.545876 70.841194153 169.190948486 0.329387009 -0.035292014 0.003342456 0.918924034 0.392838299
43.753551 69.556900024 170.537109375 0.208594680 -0.034950126 0.004234423 0.918565273 0.393698305
43.961235 68.279060364 171.876693726 0.117267609 -0.034471944 0.003443493 0.918444693 0.394029558
44.168945 67.012489319 173.199890137 0.025210261 -0.031722419 0.002533308 0.918263912 0.394688159
44.376659 65.747009277 174.519577026 -0.057515349 -0.032785602 0.001439821 0.917741120 0.395820916
44.584305 64.534828186 175.797744751 -0.132111341 -0.032439765 0.001513046 0.917662978 0.396030098
44.791954 63.363117218 177.034622192 -0.191949874 -0.031913482 0.001622427 0.917569935 0.396288127
44.999611 62.220432281 178.232849121 -0.251976609 -0.031707250 0.001427354 0.917640567 0.396141827
45.207268 61.101760864 179.413619995 -0.311309516 -0.032181118 0.002288234 0.917529404 0.396357030
45.414986 60.008274078 180.576324463 -0.372502685 -0.032707646 0.003977736 0.917243600 0.396961749
45.622677 58.957489014 181.705963135 -0.439870715 -0.032436017 0.006182366 0.917295337 0.396836102
45.830463 57.948997498 182.777359009 -0.504451692 -0.032556325 0.006761067 0.917464018 0.396426737
46.038200 56.985900879 183.814331055 -0.572545230 -0.031321656 0.007705032 0.917770803 0.395798385
46.245922 56.050571442 184.807067871 -0.637511015 -0.029648429 0.009663222 0.919335008 0.392238259
46.453468 55.143730164 185.767257690 -0.701233685 -0.028867815 0.011374438 0.922623336 0.384452015
46.557220 54.691123962 186.227951050 -0.730949044 -0.028821230 0.012062683 0.924821436 0.379116118
46.660957 54.237689972 186.673522949 -0.763540208 -0.028517660 0.013131378 0.927433193 0.372668743
46.764683 53.786388397 187.100830078 -0.798018694 -0.027815040 0.014505099 0.930563271 0.364784807
46.868378 53.336627960 187.515045166 -0.826910377 -0.027362367 0.015892638 0.933992565 0.355888337
46.972034 52.881591797 187.910415649 -0.855014384 -0.027539395 0.016145544 0.937905133 0.345420122
47.075668 52.418506622 188.285034180 -0.876341879 -0.028565397 0.015306071 0.942292571 0.333218366
47.179329 51.954284668 188.633239746 -0.902770519 -0.029812813 0.014226964 0.946911156 0.319793612
47.282982 51.486595154 188.962966919 -0.927961946 -0.030781982 0.013116682 0.951792419 0.304912508
47.386612 51.017726898 189.271392822 -0.954645395 -0.031621888 0.012419274 0.956939340 0.288293004
47.490276 50.545917511 189.558090210 -0.983732164 -0.032395545 0.013024622 0.962283671 0.269798368
47.593929 50.069705963 189.815002441 -0.997894645 -0.033460002 0.011543700 0.967755914 0.249390483
47.697605 49.598091125 190.041259766 -1.010729790 -0.034014445 0.008555192 0.973143160 0.227513000
47.801334 49.120338440 190.224212646 -1.029205680 -0.034196772 0.003967587 0.978135407 0.205099896
47.905064 48.643157959 190.381103516 -1.056046724 -0.033897053 0.000376225 0.982655942 0.182313249
48.008762 48.163894653 190.517837524 -1.081325889 -0.032738697 -0.002228565 0.986750066 0.158894792
48.112469 47.683414459 190.634750366 -1.115072966 -0.031744760 -0.002730609 0.990379035 0.134662956
48.216194 47.200630188 190.723648071 -1.143909097 -0.032014310 -0.002862883 0.993409514 0.110020489
48.319942 46.719924927 190.783981323 -1.168343782 -0.032818384 -0.002669507 0.995806396 0.085355103
48.423744 46.237491608 190.821578979 -1.178716421 -0.035066336 -0.005401134 0.997541249 0.060437344
48.527565 45.755985260 190.820358276 -1.202597857 -0.037885763 -0.009060707 0.998614669 0.035373922
48.631367 45.279479980 190.803436279 -1.254279733 -0.039310709 -0.009435429 0.999133468 0.009906691
48.735165 44.814407349 190.783569336 -1.298982382 0.039140042 0.006751969 -0.999085307 0.015841419
48.838959 44.351833344 190.745758057 -1.323388100 0.038412917 0.003094481 -0.998393059 0.041547321
48.942757 43.901660919 190.679870605 -1.350178123 0.037547201 0.000606523 -0.997043133 0.067043155
49.046577 43.460220337 190.582901001 -1.368577600 0.036962185 -0.000625430 -0.995061874 0.092115909
49.150425 43.025909424 190.467544556 -1.391752958 0.035844866 -0.001260814 -0.992478907 0.117044047
49.254272 42.597927094 190.325103760 -1.426140070 0.034909230 -0.002380078 -0.989203870 0.142307460
49.358120 42.175006866 190.159149170 -1.465967178 0.034716360 -0.005338669 -0.985279083 0.167306513
49.462017 41.756172180 189.974182129 -1.478345275 0.034802608 -0.006801202 -0.980928123 0.191108793
49.565956 41.348182678 189.758544922 -1.493030906 0.035460405 -0.005519222 -0.976245344 0.213675320
49.669971 40.943614960 189.524017334 -1.523724675 0.037074599 -0.005017553 -0.971355855 0.234665871
49.774040 40.543056488 189.280685425 -1.552718163 0.038737394 -0.005954611 -0.966522276 0.253571868
49.878174 40.143978119 189.030944824 -1.575962424 0.040237822 -0.007743662 -0.961859345 0.270458162
49.982376 39.752750397 188.763977051 -1.594528079 0.041089397 -0.008257426 -0.957502544 0.285363317
50.086582 39.365722656 188.487564087 -1.622528553 0.041384131 -0.008461352 -0.953544199 0.298276901
50.190838 38.977039337 188.198959351 -1.648645997 0.041157879 -0.008311133 -0.950074255 0.309185654
50.295139 38.587532043 187.898086548 -1.674637794 0.040728752 -0.008141444 -0.947282791 0.317695349
50.399467 38.200363159 187.585876465 -1.700732112 0.040383633 -0.008201457 -0.945014060 0.324422985
50.503819 37.807609558 187.268417358 -1.729052305 0.039802041 -0.008404871 -0.943102419 0.330004483
50.712448 37.005996704 186.606918335 -1.786410570 0.038086634 -0.008850233 -0.940416396 0.337769419
50.921055 36.173664093 185.907730103 -1.840714455 0.038296886 -0.010991651 -0.938811541 0.342119008
51.129608 35.323032379 185.157638550 -1.877895355 0.037450489 -0.010990199 -0.937733412 0.345155716
51.338074 34.437347412 184.368408203 -1.942171216 0.037823223 -0.011501204 -0.937255144 0.346395642
51.546463 33.512104034 183.561309814 -1.992607355 0.038119771 -0.013724107 -0.937457800 0.345733136
51.754757 32.550365448 182.721466064 -2.037106752 0.033031262 -0.013999172 -0.937765777 0.345410109
51.962948 31.522066116 181.848617554 -2.085865498 0.030054018 -0.013774422 -0.938063145 0.344883263
52.171127 30.445493698 180.920745850 -2.136420012 0.031378284 -0.011891345 -0.938043118 0.344889909
52.379181 29.319061279 179.955886841 -2.187222242 0.031728350 -0.010412878 -0.937807202 0.345546663
52.587254 28.129196167 178.940078735 -2.257081270 0.034363873 -0.009118986 -0.937564850 0.345988512
52.795258 26.897851944 177.867462158 -2.323691845 0.034113623 -0.008278324 -0.937350810 0.346613705
53.003265 25.628463745 176.767364502 -2.403505564 0.033190548 -0.008820149 -0.937007785 0.347616166
53.211273 24.305763245 175.643218994 -2.490121126 0.036668479 -0.009892333 -0.936795115 0.347810864
53.419231 22.964385986 174.490524292 -2.581173897 0.036497481 -0.014096948 -0.936543107 0.348362118
53.627190 21.587400436 173.304656982 -2.666704655 0.034483790 -0.017405987 -0.936374605 0.348870099
53.835098 20.174922943 172.064910889 -2.745855331 0.034881007 -0.017195303 -0.936477065 0.348566115
54.042984 18.753351212 170.821289062 -2.826279163 0.036990564 -0.015951477 -0.936584830 0.348117530
54.250870 17.324230194 169.592300415 -2.908875465 0.038928352 -0.017658904 -0.936681449 0.347563535
54.458706 15.896833420 168.369369507 -3.000062943 0.043255113 -0.018379610 -0.936550081 0.347368777
54.666542 14.475522041 167.141403198 -3.104866743 0.045605328 -0.018712491 -0.936577201 0.346977264
54.874378 13.070950508 165.911773682 -3.197691202 0.038758535 -0.020653900 -0.937150657 0.346150070
55.082134 11.656916618 164.690826416 -3.281297684 0.037410073 -0.021054197 -0.937562943 0.345156491
55.289886 10.257401466 163.490890503 -3.363624573 0.039056566 -0.020368896 -0.937811673 0.344338536
55.497772 8.876389503 162.292709351 -3.450881004 0.038377579 -0.018032320 -0.939118087 0.340968072
55.705750 7.496234894 161.126220703 -3.537664175 0.037839472 -0.017454546 -0.942223430 0.332382768
55.809814 6.802370548 160.566772461 -3.581145763 0.038310822 -0.017653499 -0.944435716 0.325978130
55.913898 6.100766659 160.020477295 -3.628025770 0.039855823 -0.018107953 -0.946916938 0.318483889
56.018009 5.391129017 159.484268188 -3.668962002 0.041732825 -0.018532222 -0.949771762 0.309593916
56.122147 4.677093029 158.971496582 -3.715839386 0.042794500 -0.019662609 -0.953149557 0.298810959
56.226326 3.953576088 158.480667114 -3.759728670 0.043601651 -0.021050245 -0.956947803 0.286193430
56.330536 3.215173244 158.004440308 -3.813041210 0.044474274 -0.022077646 -0.961004794 0.272037625
56.434765 2.459197044 157.548461914 -3.861253262 0.045233019 -0.022865634 -0.965041161 0.257150829
56.538986 1.697536349 157.123626709 -3.917840958 0.044908054 -0.024150720 -0.969008505 0.241707489
56.643169 0.926446676 156.731323242 -3.961038351 0.041811988 -0.025267564 -0.972797871 0.226445526
56.747330 0.146457657 156.370925903 -4.003955364 0.037879188 -0.026340554 -0.976510108 0.210474133
56.851467 -0.640921533 156.033615112 -4.039092541 0.034954105 -0.025324978 -0.979981780 0.194351524
56.955574 -1.437262654 155.712524414 -4.080580711 0.034203883 -0.023075484 -0.983027518 0.178757757
57.059612 -2.250748158 155.416687012 -4.122681618 0.034039546 -0.021449670 -0.985587358 0.164312586
57.163578 -3.073996782 155.140197754 -4.162435532 0.033632040 -0.021296112 -0.987689018 0.151280150
57.267498 -3.907776356 154.881179810 -4.204718113 0.033114228 -0.022031149 -0.989372492 0.139857426
57.371403 -4.753070354 154.637313843 -4.241551876 0.033770751 -0.021018103 -0.990701795 0.130106151
57.475304 -5.608890057 154.406982422 -4.293808937 0.035880413 -0.020032115 -0.991810799 0.120924294
57.579166 -6.471066475 154.194137573 -4.344161510 0.036870524 -0.019838946 -0.992835879 0.111910306
57.683041 -7.346665859 153.999603271 -4.400943279 0.036592953 -0.019758610 -0.993748426 0.103608012
57.786888 -8.229476929 153.815750122 -4.452765942 0.035073407 -0.019512068 -0.994576335 0.095953040
57.890682 -9.118228912 153.647766113 -4.502549171 0.033751372 -0.020166824 -0.995219946 0.089394838
58.098209 -10.951903343 153.344619751 -4.613798141 0.039343156 -0.024203530 -0.995632410 0.081132226
58.305660 -12.804992676 153.045730591 -4.750186920 0.044061609 -0.026603123 -0.995590866 0.078420393
58.513119 -14.700084686 152.725509644 -4.885472775 0.040816519 -0.023799058 -0.995830536 0.078033246
58.720619 -16.628843307 152.391845703 -5.021407604 0.038899045 -0.018327178 -0.996013999 0.078148112
58.928146 -18.602987289 152.058792114 -5.157767773 0.039386198 -0.016991969 -0.995959997 0.078889199
59.031918 -19.606555939 151.889419556 -5.225588799 0.039522417 -0.016923845 -0.995893478 0.079671659
59.135693 -20.615447998 151.719924927 -5.288736343 0.038972858 -0.016396377 -0.995855391 0.080525562
59.239491 -21.629856110 151.548492432 -5.353006840 0.038264550 -0.015466883 -0.995837808 0.081262983
59.343292 -22.651548386 151.377166748 -5.413384914 0.037205454 -0.014431113 -0.995835364 0.081971727
59.447094 -23.685991287 151.198867798 -5.473108292 0.036429867 -0.013243247 -0.995863259 0.082182392
59.550911 -24.725019455 151.022842407 -5.531928062 0.036280341 -0.012073291 -0.995924056 0.081689924
59.654732 -25.769515991 150.845382690 -5.594709396 0.036395583 -0.011512161 -0.995967388 0.081189498
59.758556 -26.813713074 150.664199829 -5.655035019 0.036540393 -0.011489473 -0.996009171 0.080612838
59.862358 -27.870265961 150.483856201 -5.710382938 0.036636606 -0.011264654 -0.996063471 0.079928964
59.966129 -28.928293228 150.303283691 -5.764457703 0.037122604 -0.011397455 -0.996091604 0.079332374
60.069935 -29.981763840 150.125640869 -5.820879459 0.037842397 -0.011307461 -0.996089995 0.079024360
60.173729 -31.026811600 149.949005127 -5.878532410 0.038141213 -0.011473447 -0.996106386 0.078648351
60.277493 -32.072353363 149.773178101 -5.930786610 0.037677735 -0.012276408 -0.996139407 0.078332044
60.381275 -33.113914490 149.599761963 -5.980352879 0.036543492 -0.013000173 -0.996184409 0.078181736
60.485050 -34.152740479 149.423370361 -6.027880192 0.035911717 -0.013210772 -0.996217668 0.078013934
60.588840 -35.192092896 149.249084473 -6.075392246 0.035860669 -0.013323058 -0.996244907 0.077670060
60.692665 -36.229904175 149.080490112 -6.119447231 0.036223855 -0.012282397 -0.996281028 0.077207878
60.796494 -37.259017944 148.912872314 -6.171838760 0.036881246 -0.011200015 -0.996357083 0.076072030
60.900291 -38.290512085 148.750595093 -6.224917412 0.037132699 -0.011188136 -0.996441066 0.074841104
61.004093 -39.309402466 148.593917847 -6.276346684 0.036706921 -0.011448976 -0.996552467 0.073516183
61.107925 -40.335914612 148.434951782 -6.323621273 0.036317304 -0.011759294 -0.996673405 0.072006933
61.211742 -41.367858887 148.276641846 -6.375763893 0.036606107 -0.011625350 -0.996777296 0.070426829
61.315540 -42.397438049 148.123397827 -6.424546242 0.037194263 -0.012131166 -0.996846855 0.069035351
61.419338 -43.418117523 147.975158691 -6.476006985 0.037837833 -0.012994749 -0.996869087 0.068201430
61.523163 -44.437122345 147.827011108 -6.531880856 0.037982546 -0.013548869 -0.996917367 0.067302302
61.626965 -45.457813263 147.681091309 -6.586981773 0.037816159 -0.014322527 -0.996978521 0.066321187
61.730755 -46.473815918 147.535064697 -6.638453960 0.037491962 -0.015393268 -0.997026086 0.065545708
61.834557 -47.497146606 147.388626099 -6.694318771 0.037517823 -0.016419467 -0.997052789 0.064872339
61.938377 -48.520069122 147.245285034 -6.750389099 0.037734732 -0.016566696 -0.997067809 0.064477846
62.042236 -49.530056000 147.106903076 -6.796199799 0.037079804 -0.016388528 -0.997114062 0.064187653
62.146084 -50.520591736 146.975067139 -6.839162827 0.035511505 -0.016783386 -0.997171760 0.064076290
62.353745 -52.490108490 146.713150024 -6.919495583 0.033357255 -0.017790945 -0.997227550 0.064093411
62.561428 -54.453559875 146.455459595 -7.004102230 0.033713076 -0.018784747 -0.997158408 0.064697169
62.769131 -56.417087555 146.200271606 -7.086737633 0.033750970 -0.018669503 -0.997121930 0.065270372
62.976803 -58.378067017 145.928970337 -7.168612480 0.033840872 -0.018267719 -0.997068107 0.066154532
63.184517 -60.304061890 145.656341553 -7.250445366 0.032815844 -0.018415412 -0.997046471 0.066950306
63.392155 -62.210052490 145.390274048 -7.321138859 0.032121606 -0.019504514 -0.996878445 0.069433890
63.599823 -64.111473083 145.109222412 -7.392838955 0.030977678 -0.018423172 -0.996809781 0.071212135
63.807648 -65.991165161 144.820266724 -7.465945244 0.031946409 -0.016799899 -0.996735692 0.072215803
64.015533 -67.817451477 144.539794922 -7.541817188 0.032768443 -0.013663188 -0.996798813 0.071635686
64.223503 -69.574142456 144.280426025 -7.611670494 0.032646723 -0.011823978 -0.996913612 0.070410579
64.431541 -71.281677246 144.033233643 -7.682783604 0.032654162 -0.010038087 -0.997187793 0.066704400
64.639648 -72.912979126 143.816848755 -7.753283978 0.032752916 -0.010189794 -0.997608006 0.060013127
64.847649 -74.487251282 143.638687134 -7.820951939 0.033178799 -0.011209843 -0.997967362 0.053241361
65.055611 -75.977775574 143.488067627 -7.871451855 0.033584874 -0.011200707 -0.998275638 0.046821989
65.263580 -77.361671448 143.356613159 -7.921926498 0.033410113 -0.011153041 -0.998549402 0.040726200
65.471519 -78.641502380 143.249923706 -7.974175930 0.033039726 -0.010218797 -0.998771846 0.035478279
65.679451 -79.818626404 143.163162231 -8.029670715 0.033159431 -0.010919429 -0.998910964 0.030951086
65.887375 -80.894905090 143.090072632 -8.082461357 0.034160130 -0.010815831 -0.998987496 0.027205430
66.199242 -82.281860352 142.998413086 -8.149376869 0.034459196 -0.010890621 -0.999047637 0.024450609
66.511063 -83.360633850 142.920974731 -8.208349228 0.035262790 -0.010020543 -0.999030054 0.024397630
67.030739 -84.541244507 142.811569214 -8.279666901 0.033290945 -0.008346612 -0.998970747 0.029655879
67.654480 -85.545906067 142.745788574 -8.347569466 0.033444367 -0.008458232 -0.998780727 0.035313297
67.966293 -85.931701660 142.723251343 -8.372164726 0.033418149 -0.009001574 -0.998504341 0.042321473
68.174133 -86.146987915 142.702026367 -8.382310867 0.033373006 -0.007687877 -0.998193443 0.049365055
68.382080 -86.313545227 142.679244995 -8.394846916 0.033982508 -0.006716491 -0.997869432 0.055286475
68.694153 -86.448997498 142.674987793 -8.405157089 0.033722371 -0.006960086 -0.997583270 0.060349975
74.936066 -86.420082092 142.814865112 -8.471566200 0.035072275 -0.007797480 -0.997186005 0.065796211
75.144028 -86.462310791 142.808410645 -8.473313332 0.035137776 -0.007623365 -0.996809602 0.071260177
75.351929 -86.522628784 142.801147461 -8.481332779 0.035316702 -0.007597748 -0.996234536 0.078814082
75.559814 -86.598762512 142.783996582 -8.485022545 0.035408486 -0.007582084 -0.995434642 0.088309959
75.663750 -86.640556335 142.772903442 -8.485312462 0.035360649 -0.007687129 -0.994927645 0.093858816
75.767677 -86.684730530 142.759658813 -8.487439156 0.035194255 -0.007700251 -0.994341075 0.099939540
75.871559 -86.734657288 142.743499756 -8.487962723 0.034931686 -0.007669434 -0.993653893 0.106644258
75.975441 -86.792480469 142.723022461 -8.487112999 0.034348305 -0.007689923 -0.992836177 0.114181064
76.079308 -86.861564636 142.695266724 -8.487290382 0.033761829 -0.007540929 -0.991884112 0.122348092
76.183174 -86.945243835 142.658432007 -8.490772247 0.033331882 -0.007119578 -0.990789413 0.131052107
76.287018 -87.052299500 142.615203857 -8.500452042 0.033579141 -0.007204339 -0.989550591 0.140036538
76.390846 -87.175971985 142.573150635 -8.512064934 0.034133431 -0.007741979 -0.988177240 0.149267167
76.494682 -87.311599731 142.524749756 -8.518347740 0.034667529 -0.008429091 -0.986576736 0.159353122
76.598473 -87.458312988 142.460449219 -8.523605347 0.035260085 -0.008221861 -0.984720290 0.170338020
76.702255 -87.615104675 142.385711670 -8.534394264 0.036079317 -0.007900133 -0.982635260 0.181834474
76.806053 -87.783584595 142.307556152 -8.548834801 0.036958311 -0.008172426 -0.980301797 0.193844527
76.909843 -87.961410522 142.226852417 -8.558589935 0.037381031 -0.009026059 -0.977749288 0.206221908
77.013611 -88.148307800 142.132537842 -8.570731163 0.038278751 -0.009661658 -0.974798203 0.219567135
77.117332 -88.340652466 142.019210815 -8.584472656 0.039258819 -0.010209130 -0.971321046 0.234285802
77.221039 -88.532440186 141.894760132 -8.597287178 0.039810620 -0.010671555 -0.967252016 0.250449151
77.324707 -88.731178284 141.753448486 -8.607119560 0.039641306 -0.011245267 -0.962526619 0.268038303
77.428345 -88.935455322 141.591201782 -8.613095284 0.039122567 -0.011306845 -0.956941783 0.287409037
77.531998 -89.153160095 141.404113770 -8.621809959 0.038333304 -0.011085502 -0.950477123 0.308222324
77.635628 -89.379180908 141.189224243 -8.637564659 0.037673645 -0.011820707 -0.942863166 0.330831975
77.739243 -89.617088318 140.952194214 -8.659338951 0.036974300 -0.014134695 -0.934059739 0.354916215
77.842918 -89.861404419 140.685546875 -8.674331665 0.036038272 -0.016401157 -0.924387217 0.379394799
77.946632 -90.107673645 140.384170532 -8.691867828 0.034913801 -0.017886780 -0.914092243 0.403604180
78.050385 -90.357208252 140.049026489 -8.712862015 0.034085460 -0.018528383 -0.903192818 0.427478194
78.154160 -90.611183167 139.679031372 -8.733510017 0.033980653 -0.019791393 -0.891473889 0.451362133
78.257980 -90.861625671 139.269744873 -8.748674393 0.034535259 -0.020730620 -0.879099667 0.474932909
78.361832 -91.098487854 138.823486328 -8.764835358 0.035297036 -0.020657532 -0.865957379 0.498442829
78.465652 -91.329986572 138.338317871 -8.784704208 0.036772609 -0.021061048 -0.852076292 0.521699429
78.569473 -91.552085876 137.821090698 -8.807581902 0.038806945 -0.022154864 -0.837391138 0.544774473
78.673302 -91.750686646 137.273345947 -8.822922707 0.040453590 -0.022869464 -0.821913540 0.567713499
78.777153 -91.922332764 136.697586060 -8.838918686 0.041848667 -0.023038564 -0.806006730 0.589975536
78.881050 -92.069412231 136.090652466 -8.855378151 0.042796187 -0.023580849 -0.790003836 0.611151636
78.984985 -92.194198608 135.466308594 -8.873524666 0.043424156 -0.024576321 -0.774078071 0.631120801
79.088997 -92.298202515 134.821945190 -8.889235497 0.043468963 -0.026418604 -0.758837700 0.649290442
79.193108 -92.375099182 134.152313232 -8.898311615 0.042825762 -0.027479170 -0.745046794 0.665068567
79.297302 -92.425407410 133.458419800 -8.910892487 0.041671243 -0.028134244 -0.733271718 0.678074241
79.401558 -92.462661743 132.739685059 -8.919801712 0.040719558 -0.029179178 -0.723450422 0.688556433
79.505882 -92.493515015 131.988296509 -8.929394722 0.039662704 -0.030305356 -0.715582192 0.696742892
79.610268 -92.510833740 131.214492798 -8.934872627 0.039455611 -0.031160507 -0.709495842 0.702913880
79.714638 -92.510292053 130.407867432 -8.940167427 0.039044864 -0.032096885 -0.704171717 0.708228409
79.818962 -92.501037598 129.575851440 -8.941303253 0.038703401 -0.033553220 -0.699266315 0.713023722
79.923264 -92.475891113 128.713912964 -8.936148643 0.037756924 -0.035201993 -0.694148123 0.717978895
80.027573 -92.435928345 127.834877014 -8.926715851 0.036678668 -0.036357198 -0.689156294 0.722770035
80.131851 -92.378555298 126.929367065 -8.913047791 0.035136104 -0.036051471 -0.684700668 0.727083683
80.340431 -92.224517822 125.049659729 -8.884146690 0.032261420 -0.033827644 -0.679213524 0.732450604
80.549034 -92.054885864 123.082870483 -8.857437134 0.030842718 -0.032394774 -0.677596390 0.734072566
80.653290 -91.968139648 122.063606262 -8.846529007 0.030789066 -0.031934019 -0.677383006 0.734291852
80.757477 -91.879699707 121.024818420 -8.832357407 0.030863542 -0.031772990 -0.676528037 0.735083461
80.861603 -91.789756775 119.962173462 -8.817934036 0.030827248 -0.031725794 -0.674986243 0.736503065
80.965714 -91.694145203 118.887420654 -8.799683571 0.030344665 -0.031837016 -0.673282266 0.738076329
81.069832 -91.589218140 117.789222717 -8.778910637 0.030233881 -0.031980127 -0.671658933 0.739552140
81.173912 -91.471450806 116.673118591 -8.756254196 0.029983439 -0.031844996 -0.669852018 0.741205215
81.277954 -91.351821899 115.544860840 -8.735960960 0.030546864 -0.031519379 -0.668019056 0.742848516
81.381989 -91.222412109 114.402748108 -8.722943306 0.031786039 -0.030913696 -0.666185617 0.744466722
81.486053 -91.091743469 113.246803284 -8.706365585 0.032572329 -0.030544421 -0.664421201 0.746023118
81.590118 -90.954299927 112.082214355 -8.689589500 0.032048397 -0.030583115 -0.663595438 0.746778786
81.694176 -90.813835144 110.897972107 -8.671407700 0.030788681 -0.030449089 -0.663526356 0.746898651
81.798241 -90.668243408 109.700523376 -8.649578094 0.030052088 -0.030065369 -0.664031208 0.746495485
81.902306 -90.526626587 108.495758057 -8.631520271 0.030235283 -0.029287899 -0.664551079 0.746056259
82.006340 -90.386444092 107.286712646 -8.611963272 0.030956475 -0.028408006 -0.664946973 0.745707870
82.110359 -90.248336792 106.071548462 -8.588507652 0.031261142 -0.027753627 -0.665434420 0.745284796
82.214348 -90.111366272 104.854881287 -8.564168930 0.031107977 -0.027161865 -0.665935755 0.744865239
82.318336 -89.973648071 103.647178650 -8.541720390 0.031268649 -0.027068755 -0.666299045 0.744536757
82.422333 -89.837524414 102.447639465 -8.521035194 0.030954650 -0.027568487 -0.666690230 0.744181454
82.526299 -89.701759338 101.246070862 -8.500512123 0.030346496 -0.028273446 -0.667103410 0.743809581
82.630264 -89.566291809 100.042282104 -8.477761269 0.029924771 -0.028341243 -0.667358875 0.743594885
82.734238 -89.425407410 98.827629089 -8.456630707 0.030024121 -0.027423957 -0.667694151 0.743324161
82.838203 -89.288970947 97.616111755 -8.438210487 0.030133706 -0.026628645 -0.668075860 0.743005753
82.942162 -89.153312683 96.410034180 -8.419592857 0.029592853 -0.026777890 -0.668383479 0.742745340
83.046127 -89.025024414 95.219688416 -8.400656700 0.029070489 -0.027530180 -0.668507755 0.742626548
83.150101 -88.894966125 94.033523560 -8.375631332 0.028884165 -0.028432587 -0.668689311 0.742436469
83.254066 -88.763015747 92.849205017 -8.352330208 0.029521972 -0.028236238 -0.668700874 0.742408276
83.358055 -88.634315491 91.670387268 -8.333729744 0.030310312 -0.027225234 -0.668759942 0.742361248
83.462021 -88.505081177 90.493431091 -8.315428734 0.030833464 -0.026434284 -0.669046998 0.742109537
83.565964 -88.376762390 89.327552795 -8.294257164 0.029753845 -0.025971366 -0.669124007 0.742100656
83.669907 -88.247138977 88.160858154 -8.278000832 0.029272825 -0.026374757 -0.668935239 0.742275536
83.773827 -88.117660522 86.994415283 -8.259992599 0.028796306 -0.026420627 -0.668873072 0.742348611
83.877724 -87.989685059 85.831504822 -8.240662575 0.028934930 -0.026088780 -0.668984532 0.742254496
83.981613 -87.866744995 84.669021606 -8.223867416 0.029226588 -0.025751013 -0.669172525 0.742085516
84.085518 -87.749824524 83.509666443 -8.202757835 0.029113948 -0.025976490 -0.669290245 0.741975844
84.189415 -87.635658264 82.350364685 -8.182054520 0.028937979 -0.027074486 -0.669405282 0.741839707
84.293289 -87.520683289 81.192649841 -8.161827087 0.028797548 -0.028074838 -0.669390500 0.741821349
84.397156 -87.404869080 80.037193298 -8.138434410 0.028952247 -0.028433150 -0.669031560 0.742125332
84.501007 -87.280609131 78.879112244 -8.115391731 0.029405242 -0.028320130 -0.668208301 0.742853224
84.604805 -87.158615112 77.734832764 -8.090587616 0.029190509 -0.028007206 -0.667143524 0.743829966
84.708611 -87.032333374 76.586112976 -8.064992905 0.028711395 -0.027397454 -0.666229367 0.744690239
84.812408 -86.901016235 75.445922852 -8.035322189 0.027582195 -0.026890052 -0.665370107 0.745519102
84.916176 -86.765953064 74.314537048 -8.010393143 0.026418429 -0.027080961 -0.664524794 0.746307969
85.019981 -86.626228333 73.186012268 -7.988333702 0.025947560 -0.027021866 -0.663508534 0.747230232
85.123779 -86.487052917 72.067214966 -7.962310791 0.026180847 -0.026828051 -0.662823260 0.747837007
85.227554 -86.350341797 70.949943542 -7.939342022 0.026428202 -0.026542773 -0.662106276 0.748473406
85.331329 -86.211746216 69.838867188 -7.916070938 0.026364954 -0.026350915 -0.661310375 0.749185622
85.435097 -86.069671631 68.727264404 -7.892718792 0.026411345 -0.026202517 -0.660792530 0.749645889
85.538895 -85.919876099 67.617240906 -7.866154671 0.026146663 -0.025850641 -0.660449028 0.749970078
85.642715 -85.768226624 66.508712769 -7.844398499 0.026288286 -0.026001085 -0.660456002 0.749953866
85.746536 -85.619888306 65.405868530 -7.822684288 0.026034761 -0.026511209 -0.660759330 0.749677598
85.850388 -85.475944519 64.305107117 -7.800926685 0.026142027 -0.027056841 -0.661133885 0.749324024
85.954262 -85.335105896 63.207279205 -7.776295662 0.026379488 -0.027324839 -0.661705494 0.748801231
86.058128 -85.199729919 62.109943390 -7.753178120 0.026866835 -0.028436137 -0.662457108 0.748077631
86.162003 -85.070533752 61.012268066 -7.723257542 0.027064007 -0.029599644 -0.663237214 0.747333765
86.265884 -84.942214966 59.915252686 -7.691605091 0.027296025 -0.030694047 -0.664143264 0.746475995
86.369751 -84.816314697 58.807487488 -7.660813332 0.027918328 -0.031132886 -0.664855778 0.745800316
86.473610 -84.689216614 57.701244354 -7.625159264 0.028250610 -0.030223452 -0.665487766 0.745261312
86.577484 -84.568161011 56.600078583 -7.595398426 0.028077865 -0.029127186 -0.666152358 0.744717538
86.681351 -84.448974609 55.498630524 -7.568614960 0.027707618 -0.028667467 -0.666822314 0.744149566
86.785225 -84.329673767 54.402225494 -7.541728973 0.026884902 -0.028393475 -0.667621911 0.743472934
86.889107 -84.210044861 53.304565430 -7.512714863 0.026171433 -0.028832970 -0.668260276 0.742907703
86.992973 -84.093795776 52.213405609 -7.484314442 0.025328944 -0.029966002 -0.668730259 0.742469072
87.096840 -83.980804443 51.119770050 -7.453244686 0.025026705 -0.031041143 -0.669303060 0.741918802
87.200722 -83.869819641 50.038593292 -7.420220375 0.025263151 -0.031737749 -0.669661403 0.741557956
87.304565 -83.757514954 48.953952789 -7.393545628 0.025881352 -0.031611096 -0.669760704 0.741452217
87.408386 -83.647392273 47.868156433 -7.364566326 0.026332380 -0.030974802 -0.669626653 0.741584301
87.512215 -83.536888123 46.785984039 -7.333737850 0.026326109 -0.029928023 -0.669393420 0.741838038
87.616035 -83.421440125 45.711776733 -7.304755211 0.025821671 -0.028694324 -0.669041157 0.742222250
87.719826 -83.296943665 44.631298065 -7.275332451 0.024866926 -0.028094109 -0.668884277 0.742419124
87.823624 -83.175148010 43.553283691 -7.248117447 0.023593126 -0.027277054 -0.668871999 0.742502272
87.927422 -83.051734924 42.476753235 -7.219577312 0.022444325 -0.026720874 -0.668807149 0.742616475
88.031204 -82.935783386 41.399906158 -7.189666748 0.021631829 -0.026751295 -0.668805838 0.742640615
88.134979 -82.816802979 40.325500488 -7.159776688 0.020718362 -0.026980083 -0.668684125 0.742768049
88.238770 -82.701416016 39.249954224 -7.121924400 0.020183463 -0.026998296 -0.668481588 0.742964387
88.342590 -82.589973450 38.168136597 -7.092160225 0.021539159 -0.026165674 -0.668102086 0.743297398
88.446419 -82.474540710 37.092857361 -7.062344551 0.023587599 -0.024780245 -0.667582512 0.743749380
88.550240 -82.360214233 36.034973145 -7.041644573 0.024527531 -0.025314478 -0.666946709 0.744271159
88.654060 -82.245689392 34.984054565 -7.009796143 0.024044942 -0.026985982 -0.666299164 0.744808078
88.757919 -82.124443054 33.934043884 -6.977641582 0.022986015 -0.028203238 -0.665909529 0.745144844
88.861763 -82.001502991 32.881820679 -6.945548534 0.022042342 -0.028519956 -0.665609300 0.745429456
88.965599 -81.877838135 31.830003738 -6.914238453 0.021625871 -0.028382182 -0.665318906 0.745706201
89.069489 -81.755081177 30.782539368 -6.880353451 0.021521643 -0.028449677 -0.664870143 0.746106625
89.173393 -81.635154724 29.744710922 -6.839616299 0.021107096 -0.029365703 -0.664612293 0.746312618
89.277283 -81.514640808 28.709287643 -6.798527241 0.020698013 -0.030510232 -0.664566815 0.746318758
89.381203 -81.393898010 27.675825119 -6.761568546 0.020648273 -0.031237029 -0.664485455 0.746362507
89.485130 -81.274147034 26.640405655 -6.723906040 0.021337690 -0.031026315 -0.664511681 0.746328473
89.589050 -81.153190613 25.607339859 -6.689208031 0.022640729 -0.030406481 -0.664518714 0.746309340
89.692993 -81.031692505 24.576950073 -6.652953625 0.022743074 -0.029835636 -0.664674640 0.746190429
89.796936 -80.908317566 23.553842545 -6.617482185 0.022383984 -0.029680669 -0.664957583 0.745955408
89.900856 -80.784095764 22.535186768 -6.583395481 0.021427333 -0.029655280 -0.665387452 0.745601118
90.004776 -80.663177490 21.514625549 -6.552782536 0.021262892 -0.029384751 -0.665780425 0.745265663
90.108688 -80.544059753 20.496723175 -6.519929409 0.021246802 -0.028536420 -0.666189551 0.744933426
90.212631 -80.430633545 19.484590530 -6.490364075 0.021377496 -0.028031759 -0.666592538 0.744588256
90.316574 -80.322715759 18.475719452 -6.460443497 0.021576006 -0.028138651 -0.667081416 0.744140565
90.420517 -80.218093872 17.475259781 -6.430287361 0.021513157 -0.028127858 -0.667454422 0.743808150
90.524452 -80.110061646 16.478208542 -6.397459984 0.021367792 -0.027871685 -0.667821527 0.743492424
90.732391 -79.895324707 14.531493187 -6.333927155 0.021157382 -0.026711820 -0.668712139 0.742740154
90.940269 -79.692138672 12.639201164 -6.273351192 0.021478083 -0.026034625 -0.669173002 0.742339730
91.148193 -79.495223999 10.824013710 -6.218609333 0.021635562 -0.025237938 -0.668602586 0.742876530
91.356094 -79.305801392 9.107934952 -6.164787769 0.021415107 -0.026097620 -0.666464448 0.744772077
91.563942 -79.102699280 7.471178055 -6.108109474 0.020185249 -0.025286537 -0.663293839 0.747659326
91.771805 -78.907272339 5.913893223 -6.062911034 0.018953525 -0.025804857 -0.658800244 0.751636207
91.979553 -78.701263428 4.439921379 -6.013165951 0.018607559 -0.027719066 -0.652082026 0.757412910
92.083420 -78.592292786 3.734204054 -5.985901833 0.018347260 -0.028040390 -0.647987962 0.760913074
92.187302 -78.478538513 3.049856186 -5.958597660 0.018015854 -0.028171312 -0.643529058 0.764690816
92.291161 -78.360031128 2.397722721 -5.936508179 0.017958421 -0.028190829 -0.638691008 0.768736959
92.394997 -78.240173340 1.765451193 -5.913133144 0.018137630 -0.027904470 -0.633158207 0.773306608
92.498833 -78.113792419 1.163419843 -5.884882450 0.017657585 -0.027797848 -0.627023816 0.778303683
92.602661 -77.975532532 0.576047242 -5.854177952 0.016155742 -0.027643025 -0.620128572 0.783846498
92.706467 -77.824394226 -0.003493005 -5.823227406 0.015015448 -0.027769359 -0.612501323 0.789838970
92.810249 -77.668403625 -0.566660941 -5.797035694 0.015063966 -0.028267734 -0.604178369 0.796205044
92.914001 -77.499145508 -1.113490701 -5.767397881 0.014708898 -0.028060591 -0.595340848 0.802848399
93.017738 -77.324073792 -1.651309252 -5.737093449 0.013822182 -0.027654527 -0.585848749 0.809830546
93.121490 -77.133354187 -2.173035145 -5.710554600 0.012756320 -0.027806267 -0.575143456 0.817480266
93.225212 -76.923637390 -2.676461220 -5.678558350 0.011870868 -0.028692894 -0.562860131 0.825968683
93.328903 -76.709327698 -3.164466619 -5.648521900 0.010798607 -0.030108627 -0.548732281 0.835385919
93.432579 -76.477127075 -3.634146929 -5.619616985 0.009887411 -0.031308804 -0.532802939 0.845602095
93.536209 -76.227996826 -4.094527721 -5.598628998 0.010217980 -0.032024652 -0.514773309 0.856667042
93.639793 -75.956314087 -4.543057442 -5.564506531 0.010665767 -0.031850263 -0.493853748 0.868895948
93.743401 -75.659675598 -4.953284740 -5.518080235 0.009723821 -0.030865081 -0.471370339 0.881341457
93.847084 -75.338569641 -5.330928326 -5.476590157 0.007363502 -0.030285580 -0.448725015 0.893126249
93.950783 -75.004295349 -5.693287849 -5.444922447 0.005393361 -0.030917017 -0.425384521 0.904468358
94.054459 -74.662429810 -6.034624577 -5.421287060 0.004944327 -0.032382894 -0.401310414 0.915356159
94.158180 -74.317039490 -6.357701778 -5.382503510 0.005015278 -0.033166323 -0.377303481 0.925481975
94.261963 -73.939964294 -6.660560131 -5.334454536 0.002816430 -0.031718351 -0.353535384 0.934878945
94.365746 -73.544891357 -6.922060966 -5.292315483 -0.000750303 -0.029425580 -0.329740107 0.943612635
94.469521 -73.137222290 -7.168443680 -5.262523174 -0.003533762 -0.027584581 -0.305356741 0.951831818
94.573288 -72.726409912 -7.403210163 -5.239645004 -0.003836087 -0.025594534 -0.280644268 0.959462881
94.677109 -72.304145813 -7.614807606 -5.204516411 -0.002999427 -0.023377037 -0.256048948 0.966376424
94.780960 -71.862663269 -7.802719116 -5.155938625 -0.004198517 -0.020104211 -0.231467649 0.972625732
94.884781 -71.413192749 -7.957712650 -5.116055012 -0.008417675 -0.016591741 -0.207156241 0.978130937
94.988632 -70.954383850 -8.094882965 -5.095175266 -0.010416590 -0.015434862 -0.182799965 0.982973754
95.092522 -70.493476868 -8.214990616 -5.077670097 -0.011021294 -0.016247572 -0.158775583 0.987119496
95.196465 -70.043663025 -8.324076653 -5.051856995 -0.011230767 -0.017108139 -0.136533678 0.990424037
95.300461 -69.575004578 -8.413327217 -5.020889282 -0.011905711 -0.017455678 -0.116409734 0.992976487
95.404495 -69.089874268 -8.477827072 -4.993836403 -0.014164050 -0.017328441 -0.098016985 0.994933009
95.508583 -68.603431702 -8.529027939 -4.975162029 -0.016769091 -0.017769791 -0.081000037 0.996414602
95.612740 -68.116966248 -8.574062347 -4.955481052 -0.017761005 -0.017904244 -0.066863388 0.997443438
95.716949 -67.609321594 -8.613562584 -4.926186562 -0.018293440 -0.017283108 -0.055366624 0.998148859
95.821182 -67.086639404 -8.646216393 -4.906687260 -0.018660659 -0.017153630 -0.044882223 0.998670697
95.925438 -66.560585022 -8.676289558 -4.884215832 -0.018153585 -0.017466968 -0.035517216 0.999051511
96.029686 -66.025306702 -8.701951981 -4.858307838 -0.017936682 -0.018161494 -0.027873682 0.999285460
96.133919 -65.467895508 -8.716175079 -4.829292774 -0.018348448 -0.018615652 -0.020687444 0.999444187
96.238129 -64.899719238 -8.723774910 -4.801723957 -0.018410325 -0.018832829 -0.013503429 0.999561906
96.342308 -64.312431335 -8.718624115 -4.771887779 -0.017816825 -0.019092461 -0.006276865 0.999639273
96.446449 -63.701038361 -8.709053993 -4.744572639 -0.017324515 -0.019351866 0.001002157 0.999662161
96.550583 -63.078819275 -8.695402145 -4.713985443 -0.016559733 -0.019277100 0.008470790 0.999641120
96.654724 -62.442066193 -8.668989182 -4.681683064 -0.016566508 -0.019226225 0.015239775 0.999561727
96.758858 -61.800670624 -8.636049271 -4.649158478 -0.016507620 -0.019783353 0.020983329 0.999447823
96.967171 -60.465286255 -8.547291756 -4.580763817 -0.017635919 -0.020876227 0.029089300 0.999203205
97.175529 -59.059398651 -8.443232536 -4.499822140 -0.018681670 -0.021401698 0.033793785 0.999024987
97.383850 -57.592304230 -8.325560570 -4.414868832 -0.019645611 -0.020577466 0.037599638 0.998887718
97.592094 -56.074844360 -8.185848236 -4.332740784 -0.019517818 -0.019021666 0.041642919 0.998760819
97.800262 -54.532081604 -8.037966728 -4.250144482 -0.019330809 -0.017654551 0.045875490 0.998604119
98.008385 -52.980495453 -7.885946274 -4.165249348 -0.019309508 -0.017583011 0.050416790 0.998386741
98.216400 -51.434230804 -7.713736534 -4.085023403 -0.019666294 -0.018194359 0.054845501 0.998135328
98.424377 -49.893013000 -7.525927544 -3.999833107 -0.020523833 -0.018347286 0.058377855 0.997914910
98.632362 -48.354438782 -7.334153652 -3.916596174 -0.021372499 -0.018688394 0.060143914 0.997785807
98.840340 -46.828105927 -7.137090683 -3.838967562 -0.021260137 -0.018858137 0.060632166 0.997755527
99.048248 -45.313373566 -6.941109657 -3.759010553 -0.021990955 -0.018639678 0.061026756 0.997719765
99.256134 -43.803955078 -6.748003960 -3.682968140 -0.021312071 -0.018469764 0.061352476 0.997717679
99.464020 -42.308238983 -6.549014091 -3.603944778 -0.021705151 -0.019355396 0.060744219 0.997729540
99.671959 -40.826446533 -6.362665176 -3.524296761 -0.021836050 -0.020165946 0.059645023 0.997777045
99.879913 -39.362483978 -6.178723812 -3.441727161 -0.022038441 -0.020416027 0.058162373 0.997854948
100.087852 -37.941875458 -6.008533478 -3.353934526 -0.022891667 -0.019111799 0.057243496 0.997914732
100.295761 -36.565105438 -5.849475384 -3.261834621 -0.023983661 -0.020866565 0.057097554 0.997862339
100.503716 -35.241992950 -5.692911625 -3.162076473 -0.026263228 -0.023940859 0.057297528 0.997724354
100.711647 -33.935878754 -5.525163651 -3.065777540 -0.029024897 -0.025322177 0.057528734 0.997600496
100.919586 -32.658466339 -5.367259979 -2.970464468 -0.030061454 -0.026513997 0.057728264 0.997527361
101.127487 -31.408617020 -5.205101013 -2.873578072 -0.031394642 -0.027753435 0.058011375 0.997436106
101.335396 -30.176288605 -5.039916992 -2.777231455 -0.032844167 -0.028083123 0.058697801 0.997339964
101.543312 -28.951480865 -4.875557899 -2.682800770 -0.033023708 -0.028192881 0.059938144 0.997257233
101.751175 -27.710401535 -4.707688808 -2.583084583 -0.033329431 -0.029296588 0.062130779 0.997080982
101.959076 -26.486303329 -4.533753395 -2.487510920 -0.032744162 -0.029821083 0.064133577 0.996958077
102.166946 -25.252368927 -4.349878311 -2.395083904 -0.032395780 -0.030107951 0.066717923 0.996791184
102.374802 -24.055324554 -4.169195175 -2.307879925 -0.031512797 -0.029954301 0.069366649 0.996643305
102.582687 -22.883668900 -3.984137535 -2.222084761 -0.031413689 -0.029786188 0.071282342 0.996516347
102.790550 -21.738386154 -3.801998377 -2.143699646 -0.030888038 -0.029513028 0.072656497 0.996441603
102.998436 -20.624790192 -3.624037504 -2.063019276 -0.030776208 -0.029918492 0.072901875 0.996414959
103.206421 -19.558917999 -3.454191446 -1.987649441 -0.030882556 -0.030442627 0.072008744 0.996460855
103.414375 -18.536790848 -3.297842979 -1.905387521 -0.031284735 -0.031095427 0.070522845 0.996534407
103.622337 -17.535882950 -3.150721550 -1.815662503 -0.031826247 -0.032062896 0.069259636 0.996575117
103.934280 -16.105781555 -2.947946548 -1.687725663 -0.033012811 -0.032718003 0.068046018 0.996598959
104.246231 -14.783273697 -2.763975382 -1.572429061 -0.032063007 -0.032393165 0.066997625 0.996711552
104.558189 -13.629324913 -2.597599030 -1.469974875 -0.032465499 -0.031975865 0.065930091 0.996783197
104.974045 -12.396842957 -2.429652452 -1.351254225 -0.034001753 -0.033738665 0.065499008 0.996702313
105.389915 -11.348278046 -2.277839899 -1.238359690 -0.035422198 -0.036567338 0.065308444 0.996565521
105.805725 -10.358470917 -2.137034655 -1.141708970 -0.036082882 -0.036594968 0.065625124 0.996520042
106.325348 -9.135110855 -1.960065961 -1.023087978 -0.036555022 -0.036963284 0.070881762 0.996129096
106.533127 -8.648396492 -1.870220780 -0.981940150 -0.036965497 -0.036924947 0.077686422 0.995607793
106.740936 -8.182955742 -1.770696998 -0.939199150 -0.038306184 -0.037015185 0.084499523 0.994998634
106.948830 -7.715844631 -1.676141024 -0.901190519 -0.039538864 -0.037687801 0.089639999 0.994475245
107.260696 -7.027307034 -1.524587035 -0.843135476 -0.040198822 -0.038122643 0.095533371 0.993883371
107.780861 -5.920926094 -1.287116051 -0.745970488 -0.040452071 -0.038249671 0.093560569 0.994055808
108.301003 -4.811678410 -1.066181302 -0.649524927 -0.039328642 -0.038945526 0.087311797 0.994642258
108.612976 -4.151510239 -0.942835867 -0.591243148 -0.038908161 -0.040428907 0.081759974 0.995071292
108.924881 -3.401898623 -0.818151891 -0.519944668 -0.038214918 -0.041414559 0.075545095 0.995548725
109.236732 -2.548386574 -0.687715888 -0.444189191 -0.036638115 -0.040708780 0.068802938 0.996125817
109.548607 -1.611467600 -0.560270846 -0.355386764 -0.035892416 -0.039965861 0.062524930 0.996596694
109.860359 -0.595866382 -0.440324098 -0.264530420 -0.035183620 -0.039221339 0.057272803 0.996967196
110.172043 0.496096909 -0.315549642 -0.155437082 -0.033233594 -0.041314520 0.054836567 0.997086585
110.275940 0.192275763 -0.106929928 0.009999357 -0.009652107 -0.002242516 0.009650680 0.999904275
110.483871 0.993824303 -0.090435602 0.004636500 -0.009823428 -0.001749896 0.003567689 0.999943793
110.691711 1.802366495 -0.134445786 0.014835345 -0.003586824 -0.003134551 -0.001965456 0.999986708
110.899193 2.601650953 -0.141694084 0.057591148 -0.002731554 -0.005607816 0.004079643 0.999972165
111.002846 2.990653038 -0.124508873 0.073306881 -0.004712947 -0.007033362 0.011383059 0.999899328
111.106522 3.369063377 -0.092982113 0.078424022 -0.007832801 -0.008467289 0.019573865 0.999741793
111.210228 3.753785849 -0.070455670 0.079164527 -0.008540481 -0.009307136 0.028384777 0.999517143
111.313934 4.133980751 -0.043535851 0.085399508 -0.007470180 -0.009318139 0.039296746 0.999156237
111.417633 4.508881569 0.002608174 0.103648238 -0.007636749 -0.007581383 0.050913043 0.998645127
111.521309 4.873624325 0.065595366 0.116063938 -0.009501414 -0.004947774 0.063575223 0.997919500
111.624992 5.231307030 0.146244183 0.125257820 -0.011674015 -0.003226537 0.076734416 0.996978104
111.728691 5.578192234 0.230057463 0.126527324 -0.012712607 -0.002267426 0.089577146 0.995896220
111.832443 5.921705723 0.318842828 0.128561914 -0.012992966 -0.001002004 0.101777643 0.994721770
111.936264 6.252588749 0.405815393 0.133765757 -0.012895723 0.000150061 0.112259701 0.993595243
112.040161 6.577019691 0.505801380 0.141626447 -0.014378557 0.001456457 0.119450442 0.992735028
112.248260 7.204576969 0.712939501 0.142095134 -0.018549975 0.003692361 0.125262469 0.991943240
112.456650 7.816458702 0.885913551 0.134788364 -0.018379318 0.003452127 0.120149709 0.992579639
112.665039 8.375552177 1.011968851 0.141499504 -0.015376067 0.005960394 0.111960471 0.993575811
112.769203 8.605492592 1.066357851 0.143201411 -0.015640354 0.006651176 0.106918387 0.994122505
112.977448 8.954483986 1.139328599 0.147531539 -0.015492621 0.006315436 0.097411662 0.995103538
113.185593 9.180787086 1.172785640 0.152974457 -0.014072545 0.005446023 0.090858534 0.995749414
